-892808.7108696732
-892770.0526953891
-892854.3455735455
-892874.4616075942
-892851.6148048405
-892973.3439073573
-892903.1892192756
-892939.5766891303
-892995.671196242
-892960.3917291488
-893073.2611901074
-893009.9013627989
-893180.0244495671
-893177.491793598
-893027.3715452341
-893053.7167686657
-893140.4380584566
-893150.2379343068
-893065.2804123508
-892993.8757989003
-893040.2254198989
-892978.084707502
-893017.865806495
-892889.5946948986
-893010.0909839276
-892905.7653207465
-893066.9659962439
-893158.3911264997
-893173.8661467142
-893020.9221812162
-893048.5592832445
-893147.1961810606
-893243.0406751937
-893195.4959985799
-893212.9881445251
-893197.3425156783
-893196.2723111926
-893144.820572426
-893086.7408697
-893169.2289350587
-893125.7620892916
-893071.4621825523
-893015.0695863604
-893103.8149309935
-893146.3188193701
-893075.4374422805
-893253.8921864566
-893163.5317578375
-893189.2686738919
-893222.6057839193
-893185.7041895884
-893222.6493267267
-893287.7836639868
-893210.5479075842
-893285.7116148589
-893144.9146052933
-893120.2444589514
-893179.9496899948
-893107.3536287575
-893132.2779372382
-893212.8906924847
-893206.513920112
-893180.5979557572
-893135.4423438568
-893151.0915890235
-893248.0266027256
-893038.3690444153
-893025.2115092869
-892954.1482657245
-892892.3957714494
-893041.3033737947
-893154.7473330968
-893078.1929412322
-892988.7557189318
-892899.8621797804
-892958.9487149053
-893108.375742525
-893113.2401824635
-893108.1372853247
-893158.9562781778
-892983.3744161449
-893030.16819234
-892999.8267158155
-893022.927175856
-893065.3407227581
-893013.3703643759
-893040.9927161149
-893033.0392598029
-893010.0349643063
-893083.3506500403
-893092.2890972372
-893161.492627369
-893230.556778399
-893265.3873656881
-893138.4874348083
-893086.9688055736
-893138.3086394201
-893214.2098682887
-893204.9766196221
-893245.3266542165
