-892831.2708329848
-892803.308348412
-892805.0522843882
-892931.0931501043
-892859.0993906902
-892775.6341886098
-892824.3009047942
-892813.8453031242
-892835.2924137699
-892773.0295126897
-892868.8677674015
-892928.2656231886
-892954.8877648604
-892960.5846860342
-893049.3420252984
-893089.6721256027
-892998.0340559235
-892941.4879590422
-892841.1634710816
-892997.6259725351
-892894.6159657849
-892818.09906424
-892877.7949714524
-892923.4003485664
-892909.748139143
-892913.3120293623
-892992.9112742043
-892894.0652747613
-892750.8126218034
-892729.543196319
-892791.1161816092
-892901.8759847883
-892964.1415692702
-892983.3255795689
-892890.7146934946
-892991.7659245692
-893019.8478256739
-893011.5897465418
-893014.2812623288
-892892.3857452336
-892917.343363334
-892874.3861880994
-892996.5002425256
-893056.1737559192
-893120.5740086198
-893044.8635793661
-893005.9713452643
-893079.3963419382
-893180.0300554864
-893191.7163401304
-893010.2555979377
-893015.6681057673
-893130.739200109
-893155.4281195119
-893171.1854294476
-893185.1341877172
-893212.2324790345
-893286.2662724883
-893259.3250010171
-893273.2997721691
-893134.647217161
-893185.2533027454
-893141.7040748474
-893273.6323315273
-893282.7499235643
-893292.2028707942
-893349.9423501206
-893463.8031994909
-893334.393128547
-893279.4748657063
-893366.7550807699
-893422.8180162464
-893377.5851767452
-893437.5777375659
-893404.7202312973
-893366.4059127271
-893401.8443708709
-893400.162340381
-893366.4182718309
-893501.3013749556
-893471.1983391783
-893425.942819538
-893493.7909962224
-893467.3317882773
-893565.0405637181
-893537.8932180419
-893431.9464325843
-893402.9369643702
-893557.5033394485
-893499.2871461585
-893579.3537542464
-893666.2402465119
-893607.0001666672
-893514.6710495963
-893708.0408641731
-893614.5063432013
-893568.7108957275
-893475.1706970328
-893424.2119125939
-893366.5568454718
