-891989.0297024094
-892015.9096488191
-892015.0988470649
-892035.2004086985
-891926.2043026424
-891945.3416111241
-892035.5195800761
-892022.5527060061
-891963.364905437
-892025.6847475442
-891977.17804107
-891964.542926524
-892038.5933387148
-892035.7340012954
-892121.1056943269
-892160.7460106261
-892134.4245628542
-892044.4302542902
-892059.0525917147
-892127.6377577861
-892110.3985036629
-892124.8694279179
-892254.2803168214
-892180.4018002669
-892120.2047242359
-892130.7686707864
-892202.0844852459
-892188.9178397425
-892129.9011863007
-892156.7067301441
-892180.5047421091
-892115.164974606
-892117.6645819527
-892251.8569927925
-892273.8698309673
-892365.8714917194
-892369.5617949753
-892304.8533842199
-892415.651790417
-892539.4507936962
-892517.49528875
-892482.866309388
-892481.7185222402
-892544.1470260477
-892526.3440989327
-892454.8090314701
-892521.685838721
-892420.8207374301
-892406.6608780005
-892369.4605167329
-892429.980233098
-892404.1096103662
-892325.1267641383
-892368.2322849934
-892423.603543954
-892449.5243300287
-892350.883461632
-892505.704787708
-892409.4096348402
-892383.2865896783
-892359.481812559
-892390.1478782815
-892463.9390094078
-892444.8612522662
-892440.5438426044
-892371.2368492412
-892312.6684144225
-892415.752522894
-892479.3569078641
-892609.9349208304
-892555.5773211162
-892586.0964460048
-892729.1950798847
-892654.2574314243
-892807.3590590546
-892860.352317361
-892683.5680962384
-892613.0600142252
-892649.7323535703
-892659.1467253852
-892695.7017238602
-892680.9916735289
-892755.5325664988
-892757.7866590684
-892612.9936234447
-892543.5275703201
-892553.5757881287
-892565.563107165
-892650.7072533008
-892615.1035117713
-892682.0862908938
-892758.2058698513
-892739.8904445295
-892720.8127668073
-892690.1432599525
-892746.4261987073
-892725.0904774785
-892850.9785072854
-892754.0973241555
-892669.1067008977
