-911832.0840500678
-907001.0657978251
-903834.3638376001
-901560.8636203517
-899736.04092569
-898590.1929911261
-897669.034869284
-896614.9654947249
-895883.0834868642
-895183.7001796191
-894471.2376261412
-893961.8486678199
-893559.495105723
-892970.7430142963
-892448.6952173461
-891891.5189227231
-891399.1468697664
-891088.31491706
-890763.6460923475
-890441.6469216713
-890065.160255769
-889600.8105900312
-889409.2483669686
-889174.9950184798
-888811.1621922648
-888590.2992413167
-888264.1838466101
-888082.3508169336
-887816.8119439005
-887584.6090464353
-887314.4326935064
-887097.3381483047
-887025.5889466199
-886875.9086195761
-886540.386557516
-886594.5085885294
-886426.0279934228
-886283.4220559951
-886096.0649649848
-885908.974989363
-885662.0284695281
-885558.8660969104
-885476.1458172335
-885408.7745443042
-885377.8745622545
-885272.7499262622
-885161.1954557475
-885023.5391328296
-884892.6215219926
-884964.543098069
-884844.977398947
-884668.7751785516
-884719.5128194665
-884671.3263762437
-884553.2240742395
-884343.484647388
-884214.7592231025
-884170.083719952
-884224.3912138018
-884161.0596420919
-884124.035265722
-883956.3810598286
-883986.356850385
-884112.2995514086
-884089.4455792664
-883995.5553033876
-883994.2635061654
-883946.3000672268
-883787.29479467
-883739.808854398
-883816.0228104014
-883785.192371459
-883922.1248538046
-883803.7210285801
-883968.5617790462
-883779.9708762836
-883736.0202287817
-883681.6641208372
-883699.2937756178
-883703.8745614726
-883671.8059223379
-883620.3489736082
-883494.6352156771
-883581.0882118313
-883560.7951265045
-883603.1371985823
-883627.0998009017
-883630.1754306136
-883662.0349501936
-883517.1896621544
-883577.143498648
-883573.6498360982
-883672.1706301012
-883651.0708265135
-883657.4654882494
-883517.3348385085
-883582.3501273578
-883479.1141839817
-883568.9681381966
-883430.7683502041
-883664.7277764442
-883491.7582115736
-883568.8363018802
-883612.9754848843
-883523.0542613155
-883430.2824033209
-883428.1018112919
-883529.2924107279
-883566.0803855138
-883478.6220465834
-883476.8197947803
-883442.2032573239
-883550.9472838439
-883537.9329254171
-883564.0403889657
-883544.8371486064
-883718.1899766788
-883659.6964262878
-883758.0153562498
-883638.2306341351
-883614.0979149096
-883609.9997964797
-883509.2925254348
-883567.0617199602
-883637.4672628522
-883762.9549156104
-883736.2712634611
-883819.9467294189
-883856.752119398
-883820.4661866107
-883891.7787659436
-883865.6631415152
-883922.4870363153
-883857.2744257973
-883893.1664423046
-884063.6068840192
-883970.0041966257
-883910.3732062601
-883834.5281898314
-883903.6775694361
-883856.931724519
-883926.5539322518
-883992.0082272743
-883938.1708660387
-883988.8772637357
-884015.806885604
-884071.5468795459
-884064.6546184659
-883962.3766010858
-883988.3011185959
-884085.6675487611
-883962.4591518039
-883974.2375362677
-883958.583055078
-884044.0520066504
-884100.0645071426
-884105.3696868054
-884088.2538577928
-884123.1492596121
-884175.4260534152
-884169.9775703481
-884180.762740486
-884296.7787390545
-884246.1133914809
-884245.1546406002
-884311.8466270403
-884379.9515587116
-884327.2735251938
-884346.2586123853
-884276.4313548899
-884296.2581591677
-884355.6229305724
-884459.444257879
-884444.4082244046
-884527.4491655906
-884586.6210838465
-884577.1115781051
-884537.0309587049
-884586.4612347017
-884628.8875528161
-884623.4037094571
-884561.0001168051
-884528.3221043127
-884469.6474486757
-884498.1293363237
-884556.3707552141
-884681.7270309052
-884609.8263771328
-884679.1595865326
-884647.6901082721
-884610.1855481098
-884630.0052260958
-884692.9494207331
-884780.5227964456
-884761.251507847
-884744.1772418504
-884836.3336618326
-885036.7833865815
-884953.9962955938
-884945.734949793
-884956.0001887867
-884973.423551812
-884991.8203569156
-884993.4728136401
-885011.1187093387
-885093.9998804537
-885100.2706398817
-885075.840318917
-884974.3808948556
-885059.1715520547
-884928.1111941527
-884922.3849372471
-884989.4146599446
-885187.2081791258
-885008.0532177854
-885133.0191551563
-885167.8160593892
-885144.9728186125
-885208.4250982392
-885203.0949869447
-885226.273647527
-885225.1209392407
-885213.407559747
-885381.8189857188
-885500.6796087398
-885451.1345846218
-885473.553191823
-885509.1084056854
-885471.4204093125
-885530.14924376
-885425.7498396637
-885479.6360615437
-885584.2007292619
-885670.2401758131
-885735.2402988129
-885693.7404443017
-885572.2888150568
-885687.8539340879
-885664.1751100217
-885698.4263909364
-885777.0811300123
-885811.2733505919
-885838.786850858
-885850.7554054047
-885906.7569136415
-885940.2861915431
-885872.6747374301
-885841.9980137453
-885848.9438680102
-885964.2571058272
-885919.6226299376
-886036.5279692294
-885908.4876519216
-886029.1244139178
-886009.6905774707
-885998.6873880666
-886001.2638628988
-886010.6939108873
-886061.4009706539
-885929.0476868806
-885926.608682252
-886056.5291094542
-885993.5945845224
-886075.056759263
-886092.2583394311
-886161.2688855361
-886210.1154244193
-886169.5091070249
-886201.6952471093
-886288.7185634007
-886270.300689635
-886263.1560309896
-886164.6578722455
-886105.5996107445
-886227.693770472
-886164.0946850802
-886217.253377099
-886177.0458242348
-886159.8309630797
-886252.2996114908
-886134.5009972001
-886170.4805084934
-886197.0903841637
-886178.9412625809
-886186.4665357189
-886331.054137814
-886321.0257446353
-886303.0854734002
-886298.2724452744
-886334.447170208
-886301.472063201
-886367.5871588927
-886408.8746887837
-886378.4499728505
-886372.7875115797
-886294.4324935945
-886422.1344211446
-886370.7799559619
-886507.2255635688
-886420.4993364719
-886571.8927939517
-886582.0579466848
-886532.105887388
-886522.8463136822
-886644.5038596118
-886574.728517286
-886549.9525751196
-886554.3772776541
-886610.8360758359
-886670.3536617195
-886654.5510268953
-886669.0509475284
-886806.9524556668
-886837.0754436402
-886712.0989988527
-886738.9604451241
-886820.6489604071
-886919.9559889662
-886893.2469714916
-887000.4713008188
-886850.777141033
-886930.0899451894
-886878.8534672107
-886904.8180860777
-886843.5675889897
-886965.1070893661
-887011.8458092168
-886942.9245360135
-886958.4332117726
-887086.9271958639
-887079.0589721422
-887256.6135210844
-887102.2462118118
-887109.6504912669
-887189.0148937199
-887150.8615601996
-887179.8399700839
-887193.2622553296
-887196.5906510694
-887216.7373708851
-887197.0390715521
-887206.8816012773
-887205.4121719569
-887234.9876694469
-887227.1170272921
-887278.4819632119
-887387.838233491
-887301.3080399155
-887183.1323299463
-887278.0438374861
-887304.6704762265
-887413.972067411
-887328.4623733934
-887281.4497322147
-887359.6572022005
-887367.6640219304
-887360.1485763383
-887409.3045150177
-887409.6628801741
-887470.5765468578
-887416.2547395919
-887499.1891356296
-887403.5848879027
-887485.69204419
-887491.6954666277
-887447.4871336847
-887530.7092313535
-887540.5808760178
-887643.5177517047
-887583.3905845014
-887641.4865085598
-887734.9285598994
-887611.7589604781
-887743.4793528921
-887845.8407455792
-887692.1954352165
-887714.7978541439
-887700.0927693377
-887887.219596339
-887782.6792143413
-887906.7007323364
-887785.3917670592
-887782.9499764787
-887720.2575768408
-887720.5495759702
-887799.0929064464
-887749.4013504394
-887732.6589978668
-887890.3411566948
-887973.9594522349
-887988.813184815
-887793.1636108811
-887771.0571973763
-887907.1216856126
-887959.19506618
-888050.6747192595
-888007.7981350825
-888042.2154016813
-888179.2963029665
-888175.598470718
-888215.2507285344
-888109.7244184394
-888105.4208750373
-888102.5878146891
-888107.1278903707
-888051.3915725659
-888050.1220955907
-888133.5114663873
-887958.8745039213
-887990.9396360046
-888037.4556122217
-888211.21346116
-888085.8757021086
-888208.3027826851
-888135.5526881214
-888094.0830489112
-888161.0078114189
-888247.8562051018
-888183.8941691963
-888238.5888307175
-888192.6649290075
-888130.8153556187
-888144.4041129369
-888239.2784295584
-888268.5657204312
-888263.4427170135
-888350.2973946771
-888358.7878524885
-888347.7743713562
-888279.700093111
-888393.9535158897
-888430.4234459902
-888392.0071090551
-888279.0749292272
-888292.0201457132
-888317.0797887915
-888388.571066835
-888381.1614010683
-888387.3834392261
-888438.2061149345
-888450.5945364184
-888537.3518140112
-888460.144807225
-888386.0883337626
-888454.1475478859
-888601.4163368728
-888491.5650098604
-888504.4483463262
-888474.4807765873
-888602.828501745
-888405.6802140092
-888515.8915205986
-888486.5603315592
-888575.7460789364
-888618.8627350867
-888599.230989871
-888589.2703738374
-888656.1908825912
-888653.6212363421
-888556.0484108476
-888552.220958442
-888568.0163514152
-888671.5077209225
-888635.1523769718
-888685.9094957212
-888822.2895238554
-888792.9404368271
-888727.3033963603
-888891.195741782
-888911.983300531
-888779.3572249714
-888781.2526073123
-888749.3342263991
-888831.0102817713
-888941.395289724
-888785.0295140806
-888713.6522608884
-888811.2606298734
-888783.8579689448
-888927.061775401
-888899.6558564112
-888841.9135366373
-888908.2844421604
-889039.0068649894
-888940.579760072
-888982.3937526974
-888955.9872925149
-889021.0699858704
-888990.9213860914
-888994.1297003902
-889040.9618922891
-889138.748654625
-889110.9007799426
-889124.0997178154
-889204.112375407
-889181.3255992489
-889298.6910492562
-889300.1249161597
-889235.3768030641
-889119.7270808883
-889217.6291333167
-889278.0682482045
-889329.7496366773
-889304.0905384579
-889266.0406874777
-889309.9080632458
-889384.3970415961
-889352.3847160122
-889328.968343487
-889269.9225411903
-889333.2783376479
-889160.460250397
-889263.6823594186
-889282.1921247657
-889256.1400688901
-889289.7799808407
-889381.4835814205
-889321.0641795314
-889373.9394006955
-889376.1581330874
-889298.7458150202
-889267.077165122
-889317.6950301538
-889218.3984302287
-889295.4639497582
-889396.0407099181
-889398.1342413019
-889317.2440382759
-889295.428009785
-889303.1305159226
-889302.0277358153
-889384.2754176185
-889215.3510358265
-889493.4486447792
-889401.5274628905
-889430.9118993571
-889499.3227098119
-889415.9259653611
-889334.7021316836
-889429.1105243004
-889413.593602064
-889425.0733170058
-889598.5554655286
-889495.216078447
-889470.4464217586
-889474.9521421175
-889530.3053259298
-889503.81966548
-889528.2133182412
-889529.5551457129
-889543.019600501
-889464.8513053398
-889443.7352784941
-889567.5622683122
-889563.9437754134
-889532.0459162142
-889559.8015091179
-889544.5715056906
-889626.1259742778
-889585.0155573006
-889632.688679673
-889678.1933272087
-889688.7170304828
-889746.3054623464
-889795.4602027421
-889843.6474700908
-889698.5105047837
-889800.4390629532
-889764.9009701853
-889776.8722066862
-889857.3537780836
-889823.3231422758
-889789.4016821169
-889756.8163188165
-889716.8514348248
-889714.6921616149
-889760.3760177151
-889702.5304820995
-889631.5388436785
-889619.2487656963
-889797.9826913474
-889741.8976504302
-889749.0238382575
-889756.3197680878
-889770.7983330175
-889678.7334884751
-889765.5361228604
-889916.9376265445
-889869.0853657875
-889934.6629119143
-889889.4799866294
-889976.0935907878
-889943.3837220767
-889982.2362322729
-890028.247079935
-890054.8243638572
-889902.0407110876
-889939.0410154472
-890040.9154757501
-889872.091386251
-889877.5648284161
-889998.3826017366
-889978.6738073425
-890117.8561057438
-889980.7379048788
-890135.4657707299
-890140.4193669993
-890033.3748417975
-890056.7515450323
-890098.0668793451
-890202.9667362913
-890194.4484726886
-890238.7775972794
-890115.1078365004
-890240.8810111202
-890193.0350272037
-890109.5460585923
-890109.7533709656
-890064.4499781579
-890160.3879471853
-890049.4502431909
-890144.527794364
-890110.1073253128
-890177.1585479254
-890042.6249968044
-890157.5681426009
-890159.2523482412
-890244.2547961292
-890184.1627285405
-890214.8454690028
-890119.807644347
-890179.4080193113
-890215.8933979019
-890295.4185939678
-890200.6078439268
-890354.9901588517
-890256.7021145404
-890302.3783543216
-890237.6686106668
-890264.7588087588
-890249.6476994143
-890269.6813228589
-890268.4379639829
-890273.8831789733
-890334.5717237629
-890316.7072267041
-890312.7073351726
-890349.3580753484
-890363.7027820752
-890439.3826876386
-890426.8456629955
-890353.9956683948
-890448.8295317882
-890419.143383429
-890462.7311831082
-890470.4630347484
-890454.4160857716
-890360.7367184461
-890448.2271928303
-890394.6389542904
-890460.3430729354
-890426.087910426
-890514.2397364507
-890424.9168279987
-890431.2743562203
-890449.3236219067
-890397.8344119013
-890442.1875964568
-890574.9995161014
-890492.3030876047
-890504.4717436192
-890560.5109468763
-890537.1218777869
-890615.2952602026
-890548.7523983022
-890494.6997194282
-890558.5293291647
-890547.4601533053
-890538.1878800961
-890456.5671151397
-890607.2774684803
-890547.2709665279
-890674.5245823205
-890718.0447986745
-890747.0044574393
-890663.2027831109
-890599.2940078293
-890744.7398519574
-890762.2042168454
-890620.7463474695
-890735.216602917
-890732.8670376397
-890595.0528698862
-890612.7590804631
-890792.9537888031
-890730.1032965322
-890596.4220234203
-890768.9117368712
-890819.1428594978
-890928.530434206
-890881.8590681776
-890949.9595685235
-890947.0977764257
-890956.0798263652
-891026.6638160539
-890982.5984734466
-890979.5957647468
-890929.8711066353
-890851.6092814629
-890918.4464472615
-890853.8871391673
-890998.0902643377
-890905.1978628618
-890903.6461818479
-890967.7872905943
-890842.1056983579
-890912.7300587207
-890878.8454472852
-890889.5521006938
-890969.8459787688
-890810.9422676759
-890997.2169798474
-890935.5232165952
-890951.0951526581
-890973.9264132275
-891090.9364683277
-891107.1347877977
-891033.6947348532
-891059.137895286
-891042.648965473
-891085.4714090702
-891039.792916094
-890927.8993921581
-891008.0320676625
-890987.595242855
-891000.3872084776
-890971.4359169798
-891113.3591955913
-891108.2607148868
-891143.2226353507
-891187.1227266324
-891163.7430533052
-891144.9136812572
-891203.193310197
-891205.5051023181
-891230.934099491
-891247.6640077498
-891239.4417252076
-891218.7000600349
-891310.7117726016
-891226.0818435003
-891093.8335450743
-891178.2882047871
-891157.7662023945
-891203.0990542831
-891241.6767518715
-891238.7192937742
-891195.3875028326
-891174.487269548
-891083.3664667478
-891183.4578724797
-891109.446209559
-891167.5618271383
-891136.9145093691
-891117.7779525715
-891203.9022604781
-891205.8044207612
-891082.087999659
-891141.2743550162
-891239.1967084183
-891294.5364467767
-891148.8091962327
-891142.5473925908
-891134.297846911
-891099.1902379887
-891084.4127769677
-891196.2711803633
-891082.7660384581
-891119.1171040201
-891007.6315320517
-891144.2699896815
-891110.6695665851
-891247.5875735282
-891292.7182106475
-891256.3858014172
-891358.2933727442
-891360.8189340173
-891342.2359688274
-891359.7017395123
-891308.1753573845
-891360.2298412222
-891318.2445969704
-891335.4563026332
-891357.619206065
-891577.124888692
-891421.7118728961
-891467.0286151478
-891389.8792486325
-891502.6686978228
-891614.8631392438
-891635.1882916375
-891527.3937732129
-891428.621104148
-891506.1935438594
-891428.9226181196
-891512.003933731
-891632.698650725
-891648.5286317705
-891661.8968002076
-891686.7784788149
-891463.1215219992
-891535.9160665071
-891559.3185052659
-891540.3092906761
-891422.8310555244
-891547.7064074165
-891410.2810716403
-891468.4748849628
-891506.2456438193
-891523.0462350855
-891485.890644072
-891613.4203072343
-891591.7714890747
-891561.0880521619
-891552.6109843439
-891571.0442004661
-891640.2441781764
-891631.4214905347
-891671.3428183848
-891657.323704855
-891629.3206197971
-891645.1408972065
-891641.4109072107
-891622.8815143101
-891645.0057305458
-891597.0532856885
-891622.9980383145
-891611.0926392967
-891670.30734216
-891626.7218728345
-891640.4356827892
-891772.2048312363
-891704.2397997164
-891737.7970994025
-891749.4616090411
-891856.5305830318
-891854.3081897289
-891803.6718820238
-891881.0193585296
-891849.4345531978
-891780.7236855897
-891843.6016257334
-891854.5455775096
-891884.9027368006
-891842.8757036814
-891807.1868591835
-891804.5742851272
-891770.4345899863
-891703.8408304615
-891782.5909415596
-891783.3379173249
-891846.2119901879
-891764.1848515554
-891703.4969209579
-891823.4436376253
-891746.985695069
-891708.2412233242
-891857.5490520042
-891769.2297959203
-891936.6872513143
-891911.1179989495
-891828.9422009903
-891922.5579891752
-892067.7953060424
-891894.2277948881
-891957.9981517658
-891946.1215504016
-891953.6176101454
-891817.6828140789
-891863.9364683379
-891857.0112152328
-891877.6218595832
-891818.8784460567
-891776.7758661758
-891727.8292291248
-891769.6133880233
-891817.8626933387
-891847.6345250278
-891851.659141129
-891991.2450192857
-892010.7894518591
-891962.1592593401
-892031.5308029237
-892080.3966132933
-892088.4066481685
-891957.3901813687
-892061.5789703004
-892094.9012777583
-892081.3081438126
-891974.7937976274
-891976.113191634
-891981.662097315
-892017.7628780616
-892057.3675523136
-892139.2783889375
-892083.9006195309
-891974.8607311965
-892017.9517154963
-891980.3088037298
-892068.2253963775
-891951.9903101082
-891902.8468058293
-892109.4903535146
-892051.5180468779
-891926.5303407237
-891991.1798964343
-892038.1207216417
-892021.4641896937
-891996.3640113291
-892059.242306772
-892122.90559856
-892119.1488706317
-891988.9447609287
-892096.9352342434
-892027.9176180215
-892064.5041801292
-892163.5664906547
-892207.7046108241
-892067.132564658
-892079.819125026
-892087.4572108295
-892070.4030195698
-892100.4149288039
-892119.8464060253
-892184.8067390353
-892013.3484283137
-892095.8294814287
-892112.2387414549
-892236.1708677365
-892182.2017761092
-892148.8194728538
-892112.5006570139
-892078.9413005579
-892216.4654659576
-892134.2654704538
-892205.746272251
-892239.6015546696
-892085.3686760408
-892083.0339084998
-892171.1352329808
-892188.9501265563
-892239.154085739
-892258.6593030462
-892134.6454970109
-892129.0194765436
-892138.7575817917
-892160.5547758526
-892280.4760552478
-892243.9269536845
-892114.4310532559
-892300.4071060999
-892201.6037763761
-892165.0333643167
-892197.7217802795
-892287.2253217321
-892258.3263435161
-892184.7386832875
-892199.2920563499
-892243.7353326579
-892383.1417799551
-892386.912935078
-892353.6600724665
-892340.4328953275
-892250.5697711834
-892313.445127864
-892207.6781903622
-892271.4799959721
-892348.8531988179
-892401.6412635633
-892320.4017078944
-892347.3641436835
-892401.4401320814
-892336.7611902598
-892342.6324042574
-892335.3512973462
-892393.3500013468
-892462.7907713578
-892412.9125118746
-892383.2647600911
-892409.2848559868
-892495.734866202
-892529.4849198592
-892501.5171725596
-892550.2423568908
-892462.7185813735
-892430.6062752176
-892361.742403542
-892490.8301624515
-892453.7580377584
-892481.500514311
0.0
0.0
0.0
0.0
0.0
0.0
0.0
0.0
0.0
0.0
0.0
0.0
0.0
0.0
0.0
0.0
0.0
0.0
0.0
0.0
0.0
0.0
0.0
0.0
0.0
0.0
0.0
0.0
0.0
0.0
0.0
0.0
0.0
0.0
0.0
0.0
0.0
0.0
0.0
0.0
0.0
0.0
0.0
0.0
0.0
0.0
0.0
0.0
0.0
0.0
0.0
0.0
0.0
0.0
0.0
0.0
0.0
0.0
0.0
0.0
0.0
0.0
0.0
0.0
0.0
0.0
0.0
0.0
0.0
0.0
0.0
0.0
0.0
0.0
0.0
0.0
0.0
0.0
0.0
0.0
0.0
0.0
0.0
0.0
0.0
0.0
0.0
0.0
0.0
0.0
0.0
0.0
0.0
0.0
0.0
0.0
0.0
0.0
0.0
0.0
