-915009.1196860732
-912557.9450346802
-910851.0194993792
-909367.5664220155
-908423.9761497735
-907716.4221386747
-907116.4166828836
-906659.395853412
-906281.2290514776
-905958.0052925267
-905707.3460881213
-905492.9030520797
-905247.4193800458
-904956.8198231184
-904866.371888233
-904566.6565939991
-904418.6776508574
-904268.5056800385
-904049.5780429462
-903881.6873524232
-903646.2603952994
-903502.0816308459
-903348.3684759291
-903189.7593163956
-902876.3341424472
-902761.8078295861
-902685.6891837468
-902515.6203850377
-902437.3651988528
-902397.0831567923
-902224.9726984279
-902015.1445714599
-901954.6458635646
-901774.9594395399
-901796.4879780168
-901676.1907334111
-901558.9960623878
-901499.2289024226
-901368.4404660527
-901313.5854011857
-901239.6331550088
-901127.8846882217
-901076.3785010809
-900920.8188180309
-900816.6913329982
-900811.041720933
-900610.9763329102
-900614.9076305982
-900522.6162974313
-900462.32956771
-900326.1234210831
-900166.0613937665
-900146.5959731716
-900191.3018853752
-900032.8654226839
-899958.7579360704
-899805.2694397392
-899733.1602644149
-899677.8066854746
-899586.9621774025
-899383.8049263494
-899212.9039236509
-899191.0578880069
-899237.1007004055
-899020.4854764375
-899087.6766458133
-898961.4575055256
-898921.1787566687
-898846.9106854175
-898820.7333205874
-898811.3256124002
-898776.0383639189
-898743.6845487959
-898695.8200397945
-898534.0932181444
-898423.5033534581
-898417.982286899
-898345.4442848777
-898268.3464920569
-898167.2130693429
-898220.9566754993
-898082.1998483669
-898029.681224376
-897952.5498940627
-897886.2736290357
-897946.6585069863
-897925.8842487175
-897877.4124064684
-897761.6696475915
-897655.1055396238
-897638.382946952
-897640.8655954048
-897581.1061146093
-897464.6745103234
-897530.7881812259
-897517.6657190977
-897473.0416943744
-897298.1211251033
-897364.2325804007
-897379.8940168406
-897242.0279659706
-897230.781629202
-897233.5927775952
-897163.7053192834
-897226.6347066667
-897211.6818297858
-897124.600926843
-897115.4282224583
-897112.4754253575
-897051.5878563088
-897028.0599551413
-897053.9868572137
-897029.9274580218
-897060.3361409142
-897126.7875939131
-897024.7633317356
-897101.535297649
-897093.7491566689
-897081.894155572
-897002.44690455
-897037.6739580559
-897060.9554020736
-896870.8453595072
-896786.1368561793
-896747.7891217435
-896822.8863393732
-896758.0419494968
-896800.9916577279
-896770.1813916769
-896818.3166168546
-896771.6586417322
-896767.9677967085
-896729.2594245789
-896798.199535591
-896751.6246406537
-896647.8114295301
-896652.5146164099
-896666.784673443
-896723.6599597079
-896690.3994094224
-896825.3920815337
-896792.6177175194
-896787.2480059495
-896761.602636806
-896899.4804578624
-896828.9124504947
-896700.211133926
-896831.0775366653
-896774.0776762082
-896850.5066673103
-896855.6411551068
-896813.5418815023
-896830.3398929269
-896785.0989695141
-896771.0904715859
-896759.9141842887
-896801.7499115338
-896861.4102217408
-896786.6000154575
-896770.7184453295
-896729.5370899104
-896681.25041683
-896714.5025375965
-896710.649211757
-896782.3700142875
-896813.2033509573
-896833.7995962573
-896853.4573544521
-896797.3854184013
-896754.1607686357
-896838.9911429096
-896748.4138137018
-896757.752080063
-896746.6026972488
-896815.2436405217
-896798.024560784
-896721.6943550074
-896772.9102020223
-896768.4657806538
-896731.2441438267
-896712.1212298401
-896724.6311702231
-896706.5174234377
-896746.6322787049
-896762.7045609159
-896765.9503891263
-896700.0550978057
-896823.4707948341
-896741.5008999569
-896660.627854281
-896608.061715982
-896603.6934111346
-896667.7741392034
-896694.589474838
-896623.2651390356
-896634.5515760528
-896675.0126324556
-896660.9049411132
-896794.661676522
-896752.4241543775
-896716.9017290481
-896638.9937374267
-896785.3986723553
-896833.8027456568
-896817.2944678419
-896867.1655287606
-896711.0141933011
-896781.7348013347
-896830.9771553568
-896838.8181852103
-896834.0120782366
-896905.1357667944
-896963.2647977194
-896937.0522000244
-896886.2621823287
-896906.0903857626
-896945.3562131563
-896916.3390916806
-896941.8560962288
-896960.1105006183
-896940.25422921
-897017.6070980197
-897090.165336401
-897058.5582466805
-897035.3411515427
-897013.3618196272
-897025.5736575966
-897052.1069064063
-897152.4085474416
-897109.8546154406
-897126.8810003095
-897000.518352116
-896973.5092790958
-897068.7966759703
-896947.7947550515
-897036.8063313182
-897035.7674169253
-897146.480685297
-897232.9022286218
-897077.5957618522
-897122.5182206947
-897110.5573515209
-897110.20811509
-897137.8279167089
-897119.2110753859
-897131.7257846937
-897120.3190678256
-897054.497753399
-897102.37318326
-897222.3711206217
-897223.7136239543
-897124.4843550612
-897048.6141877819
-897152.6765233872
-897123.3841079869
-897210.9590791386
-897236.3489418059
-897264.7021530647
-897281.7624187726
-897222.2980196916
-897180.3055811913
-897255.9130296495
-897290.5838389641
-897287.2088680225
-897273.5749223807
-897401.6158492297
-897377.6551233748
-897404.2272588098
-897335.2687756559
-897381.6863498378
-897315.905597211
-897397.9882728596
-897364.4734434176
-897416.9476856092
-897419.3626596526
-897469.1391421915
-897437.1710735533
-897481.0388114585
-897468.0173329748
-897464.8543324055
-897572.0588609019
-897632.9519803276
-897587.8800049857
-897471.2773761395
-897471.195231954
-897520.1521841214
-897587.7889530851
-897613.3244717408
-897566.9719368215
-897640.519971381
-897524.2424481822
-897555.9530578131
-897624.4523606574
-897610.5278751776
-897672.886893441
-897689.4314811677
-897687.8567537244
-897836.7205070663
-897775.4211810608
-897840.7300891249
-897873.592370464
-897875.6646144529
-897937.4601306873
-897897.2775442839
-897857.9777312401
-897946.6008284214
-897966.9666113836
-897944.4185075302
-897979.0514106759
-898002.5980404293
-897986.2098986235
-897888.5618794642
-897989.4171790808
-898002.714955209
-898005.4995912958
-898149.7272369148
-898167.1429856156
-898092.7607814268
-898071.8832366434
-898059.7284907763
-898020.7188918282
-898183.3897705411
-898104.1638375229
-898194.8528757113
-898300.0641304833
-898109.8371043326
-898136.1725523707
-898235.5519689182
-898224.1867645271
-898234.111647036
-898337.0839190172
-898320.9793864362
-898302.4062265917
-898232.7435153158
-898260.8643262722
-898241.5051952971
-898244.5947170377
-898328.0676458706
-898347.1787101092
-898430.251572361
-898408.8330736577
-898461.0357197577
-898422.50131919
-898405.0150039676
-898357.0574253129
-898499.9239172527
-898475.9296110481
-898466.006174346
-898500.7758363832
-898504.2781890063
-898576.6081669396
-898619.7978464607
-898577.6693381452
-898421.8947772535
-898595.6707342737
-898623.068700166
-898551.8626877599
-898554.812156306
-898598.1254581518
-898613.5524882268
-898633.2195838923
-898715.1315083667
-898659.7640541557
-898610.8526471566
-898616.2038284881
-898633.2148503644
-898563.3684880865
-898619.4482745136
-898577.1101659134
-898673.6146644906
-898584.629493057
-898653.2242665602
-898707.3458253146
-898698.4786975356
-898773.1865968781
-898700.5194949684
-898689.8226884024
-898673.316397013
-898749.3180700049
-898778.2766825185
-898782.4609931005
-898814.0523104225
-899004.9261692484
-898931.1718141164
-898878.651767844
-898880.5339053596
-898842.1000773333
-898888.1978717913
-898970.2387256622
-898918.4116112853
-898979.3241447916
-898972.471968006
-898907.528601257
-898971.1001232517
-898892.4801697013
-898964.1182829079
-898936.4872474216
-898967.1135884335
-899007.0253484625
-899005.9205864188
-899039.3293072812
-899058.4381912842
-899119.7418063717
-899143.8631340103
-899175.181988927
-899193.3281187024
-899151.2930059828
-899183.1722212258
-899162.7254329883
-899172.2722841231
-899235.2901952282
-899239.98009475
-899262.4094086793
-899336.2342492306
-899363.2802039641
-899315.5060498132
-899341.930455293
-899387.0841847896
-899377.5534773349
-899307.876763699
-899383.0301851236
-899277.2422174928
-899237.3904097087
-899381.7395500849
-899377.9086817857
-899364.9492971137
-899336.4697795203
-899337.0560735754
-899308.122787465
-899263.07817357
-899339.8319587471
-899363.8474722404
-899396.2819173404
-899470.2423129977
-899505.3529031745
-899446.0328763061
-899537.6091687743
-899405.7420046605
-899498.1635399562
-899579.1122759013
-899551.4949645296
-899575.445225024
-899605.4127989062
-899650.6528807088
-899667.9624732645
-899749.8483437322
-899733.1304877729
-899769.4070376831
-899822.660386306
-899735.2758165431
-899718.2638985054
-899722.2596531402
-899864.0023141111
-899837.9232180825
-899861.5341839453
-899820.7880712723
-899956.4161407285
-899946.8700927581
-899912.4540629392
-899895.1398004581
-899969.8147250004
-900015.3351966456
-900046.7297497799
-900084.5763448441
-900087.6098266604
-900108.9982877333
-900079.499200553
-900132.5287565694
-899963.836573953
-900049.1563587525
-900186.3215890998
-900130.6714979728
-900094.4875992719
-900126.346358969
-900079.2432449264
-899997.530665609
-900010.9301883493
-900065.1399097847
-900121.4652788432
-900122.9287139502
-900189.893023023
-900184.5710875269
-900170.4003637843
-900306.3114537105
-900320.5983941903
-900232.9193166011
-900347.4467447954
-900245.9898978375
-900370.1680494789
-900317.2756871101
-900252.0681237426
-900222.4516835763
-900233.7014506623
-900342.4498441028
-900301.0041818226
-900346.9903496893
-900365.468949981
-900327.2171795092
-900210.0422343203
-900247.0094086132
-900227.7992953131
-900234.7126006125
-900283.47854438
-900369.1071682075
-900329.3120522232
-900358.3411185581
-900416.1990826962
-900373.9053554088
-900342.5537633637
-900437.9224644586
-900440.4067773881
-900579.4110011697
-900536.2652955515
-900501.5014236342
-900556.4966437574
-900601.4880887091
-900553.0435331127
-900509.6560400097
-900536.1283242271
-900541.0106979372
-900441.8206452864
-900452.8128662278
-900483.5709619103
-900565.4732917695
-900533.335176725
-900654.671605286
-900673.0034826775
-900600.7487901018
-900603.3911184872
-900584.007398197
-900685.7469805365
-900659.7189754202
-900761.99821838
-900802.9024974306
-900769.0912188155
-900712.4990998852
-900760.0184908232
-900723.8596043182
-900687.8278393551
-900675.5793401056
-900783.3083389716
-900752.1739807975
-900750.3227578987
-900832.7698576852
-900840.9454877434
-900943.5694271033
-900922.1021885142
-900865.0189897325
-900822.5461661265
-900799.9580418373
-900853.5327880402
-900898.705669632
-900927.2440127173
-901051.5302387895
-900985.8978229539
-900923.7012107911
-900912.8113731621
-900988.9101436848
-900976.7385408306
-900921.2720328969
-900935.6086579921
-900996.7194607496
-900989.8916902716
-901005.6677716157
-901074.3439088099
-901012.5195143304
-900921.7467270893
-901077.1256539238
-901002.7834943297
-901088.6176499518
-901050.2250667085
-901138.3220775666
-901088.9389598551
-901077.4992975715
-901147.8179606803
-901084.1163716104
-901080.1211359306
-901096.5442090979
-901087.3863732959
-901087.3840875364
-901146.4535584172
-901109.2978996536
-901158.0575744556
-901168.1744641659
-901196.698693303
-901204.4761684781
-901229.8656288887
-901293.0711103022
-901235.1836236573
-901272.9037355088
-901295.621816123
-901283.9685952517
-901241.7057354557
-901253.5474504188
-901266.8034172915
-901184.3162070438
-901273.7027763731
-901269.03655923
-901340.8336372429
-901287.4882934627
-901380.0409096655
-901264.6439805807
-901387.8061558045
-901386.1199551774
-901353.0462068967
-901325.1729619822
-901473.4952801274
-901438.8803571742
-901434.2395075564
-901392.8129305982
-901435.9543327873
-901530.1434472814
-901534.4454829427
-901546.7078469795
-901435.48925279
-901584.3196797338
-901518.5859094182
-901587.6811467598
-901564.9835464332
-901605.2112058526
-901584.7802460922
-901601.5172979776
-901626.268899575
-901633.1503322045
-901767.857141725
-901734.2153023743
-901728.6899993573
-901719.2761617278
-901729.0830761584
-901721.8733254859
-901738.5917053248
-901723.3712573837
-901712.9026916674
-901808.0141866922
-901806.5930748363
-901778.4667317856
-901836.2965424302
-901819.233833616
-901855.1009747095
-901865.0153751585
-901857.8597864687
-901917.9650165997
-901879.4212581265
-901818.3646107523
-901917.3086043386
-901924.1880513717
-901918.402506939
-901927.4540348294
-901936.6627627069
-901951.0135884467
-901979.0080825768
-901903.1049414888
-901906.0304053293
-902003.8330082995
-902041.726164851
-902009.8617104365
-902047.7542973601
-902084.1302948397
-902127.9050790705
-902124.2131685945
-902255.6088422583
-902120.9879822229
-902243.0060694802
-902235.7471483486
-902214.3702451499
-902177.9297900369
-902112.2299652923
-902219.6031339376
-902212.6540467753
-902238.0290835343
-902185.5704682522
-902216.2196596232
-902139.2986238751
-902174.7199185841
-902240.116631887
-902231.8741144818
-902279.8770128455
-902251.0760070513
-902266.1184326927
-902294.4615931914
-902336.179692688
-902217.0330396551
-902310.1109688815
-902347.191947549
-902389.7140564348
-902387.3610101565
-902374.0389727659
-902413.4638855945
-902431.8630761635
-902427.3371413271
-902398.2193928735
-902344.5803877175
-902408.1970331245
-902354.8573424532
-902351.8196399593
-902472.2902072575
-902391.6577511913
-902500.5873161706
-902456.2943463834
-902461.3240139469
-902473.2772819103
-902439.2144686264
-902443.8491453694
-902500.7497322034
-902535.6645280261
-902396.4189874076
-902423.836251269
-902456.0330913598
-902570.3992927938
-902629.1941604252
-902690.5256754712
-902644.2684121622
-902744.6954672973
-902659.0022499003
-902791.141952176
-902740.9007630268
-902835.6177002373
-902868.6235507895
-902861.7303800151
-902823.8097909928
-902932.5612833931
-902895.1977780615
-902920.7165614151
-902907.0480022368
-902845.8250546623
-902902.6576064124
-902890.600126182
-902906.8780789587
-902829.4852987174
-902870.0026834271
-902867.630389225
-902939.1666895354
-902905.7493540541
-902872.1109995482
-902795.5717468194
-902843.5126895228
-902938.6846275483
-902990.9091342912
-902882.6459719427
-902760.6598600332
-902915.6557571683
-903034.8550822051
-903048.8014926211
-903025.6606400207
-902960.7000425652
-902928.4990010232
-903063.6256409517
-903037.9039726671
-902979.6117172602
-902948.921115922
-902986.4346931264
-903074.8986328763
-903108.4420089466
-903013.9988564488
-903121.68845203
-903069.5590555801
-903041.2667314565
-903092.2557157355
-903184.5650678561
-903193.1007039882
-903192.8667886818
-903218.7774095917
-903171.0009785782
-903179.6039460598
-903179.2245034315
-903091.6079377923
-903274.5388703865
-903242.6618837847
-903260.4785694265
-903203.7246328769
-903131.0257608286
-903213.942090851
-903142.5285686902
-903271.0026848484
-903249.2575559778
-903254.936276036
-903296.5115681764
-903259.988338621
-903214.0387328096
-903341.7891827051
-903372.1649243983
-903414.0185602235
-903445.2614191606
-903420.7938560225
-903465.3336650985
-903386.2783427411
-903389.7362647012
-903403.435921812
-903413.9200330848
-903450.391113167
-903514.3807759475
-903520.0503915306
-903491.8984215952
-903531.6668246484
-903535.2136428735
-903574.1261766395
-903647.5533699843
-903688.5210750188
-903620.7400515828
-903633.5710871791
-903682.0874964615
-903689.2222090795
-903762.4165882432
-903669.8068530102
-903618.7882845695
-903643.8145726575
-903726.6783869962
-903671.8184779045
-903662.2926325961
-903733.4848310491
-903720.2647989152
-903754.6425849039
-903740.9609149244
-903838.5017851585
-903774.3446376849
-903736.0773794274
-903824.8770694529
-903811.2168526804
-903757.5333141874
-903772.9156419935
-903704.7531942797
-903875.0790665988
-903807.0321775591
-903844.8312004869
-903860.711890545
-903801.9237300905
-903773.5595806834
-903711.8034815185
-903659.923933132
-903796.3454097142
-903845.9339111027
-903766.6167631197
-903878.6217937366
-903908.0264713139
-903937.644670996
-903913.7548236116
-903938.8747088403
-903900.0834471766
-903920.845029917
-903971.6484045138
-903936.5678533958
-903959.8045181964
-903996.8950942227
-904136.6235961713
-904221.3715836984
-904136.8314942766
-904069.6807219061
-903978.1224143008
-904061.2908023834
-904024.4577436929
-904015.6800561206
-904181.5589352064
-904144.4108180535
-904120.1135041218
-904174.2359050447
-904183.9658770323
-904144.6313899026
-904170.1811377596
-904149.4512332008
-904230.4765330635
-904265.9865722267
-904267.7088737673
-904223.727989017
-904337.2445600946
-904201.2170461474
-904142.4304719729
-904122.4662099056
-904181.4232206601
-904143.0309608728
-904198.483199263
-904198.3081212948
-904134.5600575771
-904252.9970184291
-904185.2013762031
-904270.2317512592
-904363.3455816575
-904396.7138652421
-904351.4364730807
-904324.0740926183
-904376.4632557776
-904303.7425690747
-904334.9342115119
-904313.9101020125
-904231.2757297582
-904243.3659909187
-904260.1188356025
-904359.0502478027
-904315.936582851
-904377.8668654767
-904309.0423988119
-904284.1600085711
-904377.8856666184
-904372.2468395765
-904357.8162464311
-904375.1330715562
-904326.2243102499
-904450.9955406106
-904472.9291475012
-904510.8672921797
-904547.317124013
-904573.8985714802
-904538.1792020465
-904523.4982866952
-904512.9226833045
-904462.9393336007
-904485.3419641306
-904486.698439226
-904543.0602692976
-904502.1233940348
-904441.6535422745
-904526.279051435
-904548.2654427444
-904560.8887621685
-904562.3706725951
-904564.0939670583
-904618.1404309119
-904504.1760231695
-904494.1895072348
-904544.322269069
-904579.3279046222
-904525.1841257138
-904477.1962572366
-904573.0567438836
-904464.6081221022
-904539.2188478948
-904626.3509984424
-904636.8325675314
-904572.3908184398
-904593.9127122771
-904600.2769071193
-904569.7387624885
-904530.573736149
-904551.2413429514
-904535.3894415938
-904562.1337527523
-904515.5275542573
-904605.0005405758
-904593.5578985609
-904698.4630355012
-904701.5771032611
-904705.3023213058
-904766.6603289637
-904673.1743417166
-904639.1655965009
-904749.8326093395
-904773.2821845768
-904759.4565018396
-904705.2229439842
-904767.3872031479
-904733.1058102056
-904729.7754526581
-904808.0759395447
-904808.0200480944
-904666.8766080127
-904710.9304931263
-904759.1523210171
-904746.3239083618
-904746.7105759192
-904800.6684485932
-904857.1885142925
-904791.0447610962
-904858.8759412642
-904930.3406218935
-904871.7769148153
-904890.2264020322
-904832.0913061779
-904851.1617614779
-904889.5949947727
-904869.4887517696
-904896.2982537267
-904969.9517059053
-904944.7657913122
-904942.3449303862
-904948.0308996693
-904964.2813724638
-905017.9573572844
-904990.6713814172
-905055.7846444757
-905109.9962353987
-905091.1266359831
-905049.973582763
-905037.651978978
-905079.5554575687
-905132.8594572534
-905004.3940316843
-905081.4848147954
-905094.5515521956
-905106.9126701036
-905187.9656031034
-905141.6607258247
-905128.3551150025
-905152.4607192032
-905133.6513670373
-905294.7866962133
-905141.6563231259
-905197.7323889177
-905140.0385298902
-905186.7700702132
-905119.6962145488
-905136.7403253216
-905137.9664016014
-905103.7505002196
-905211.8736818137
-905224.1333377083
-905186.7356838646
-905273.7094017573
-905234.6595686058
-905267.5027862359
-905253.6946333912
-905164.0679454486
-905192.9375913772
-905317.0806200812
-905335.888124984
-905355.1937490153
-905388.7185512619
-905421.2656226791
-905375.7757186173
-905385.1312772008
-905367.681521703
-905318.7490702847
-905287.6842754607
-905454.7231400778
-905429.902508487
-905479.806391212
-905522.2976821868
-905484.4400424164
-905398.7275520681
-905424.2121015574
-905479.5875665363
-905485.8339318517
-905476.1711697716
-905462.0854738723
-905555.1779687821
-905525.1383929059
-905526.7312450536
-905538.1664441894
-905458.1952148554
-905573.1470120405
-905559.8808984305
-905519.0201570231
-905543.2492134272
-905567.7690064965
-905517.2627058317
-905653.0052041825
-905528.8877369246
-905500.8607028158
-905507.4557448684
-905601.3065502894
-905577.2044798025
-905661.7902636974
-905651.5379973606
-905630.0194418163
-905662.8571111273
-905603.2646769087
-905782.0779581817
-905724.6196628752
-905729.2967178754
-905734.5893501764
-905649.9659030286
-905627.0068402165
-905682.2248300458
-905652.6958055797
-905660.7240296338
-905753.1066709067
-905646.9772320383
-905601.6103253195
-905706.7904444528
-905629.7844119916
-905727.2752643103
-905749.9371095194
-905767.5862500701
-905698.327799194
-905673.405855293
-905716.8263852804
-905683.4851318294
-905750.8673270213
-905688.567618172
-905733.7495618063
-905701.9582198096
-905750.0518162099
-905713.2989567987
-905801.5924491724
-905844.4281181248
-905773.3965975074
-905774.4413634595
-905859.5568837621
-905795.9307393164
-905841.5441178179
-905852.2825709083
-905769.2087227318
-905813.4651581584
-905873.8308963263
-905894.2607838834
-906016.1627973313
-905920.2232780985
-905894.9940883446
-905978.2233143793
-906009.3795600977
-905986.2302981089
-905976.0053778812
