-877533.508403198
-877435.9288413898
-877311.4016815253
-877361.509310902
-877335.0136856581
-877473.066038974
-877483.5953272905
-877493.6765846936
-877354.351242511
-877467.6241792989
-877434.8125750588
-877472.564532444
-877466.7016934558
-877436.0115669579
-877521.7982160666
-877542.89250859
-877542.0804357127
-877496.1728987214
-877640.5931298332
-877562.1880969162
-877672.9730324773
-877526.7138787479
-877553.3758925889
-877547.5470709736
-877555.0937603166
-877646.2322606221
-877631.816780914
-877767.5310689115
-877658.8722817532
-877685.838118102
-877585.726957969
-877772.2478340984
-877706.5068353298
-877677.9194780552
-877674.7604213547
-877646.108964188
-877509.931982491
-877575.9790792528
-877531.0287431272
-877584.3294408716
-877634.3053352198
-877637.7231541385
-877632.8634010638
-877704.2440792405
-877653.7842280131
-877684.9203877274
-877672.5159175843
-877660.8407255895
-877739.4600151964
-877728.1797510326
-877739.9206390132
-877615.1189590222
-877689.7635179613
-877608.8459481279
-877715.5875322389
-877729.8793854116
-877602.0410219263
-877685.614224073
-877726.626758701
-877645.7609491029
-877667.9387184349
-877565.4011372271
-877758.5310680195
-877710.391763945
-877793.6473848118
-877788.5857188809
-877707.3338245087
-877661.0752381557
-877753.2958140495
-877685.9925005705
-877594.8507785709
-877641.9153991165
-877683.5616247199
-877640.3798950417
-877518.7117159151
-877536.7680596308
-877527.4506465427
-877554.2991114965
-877492.7088837429
-877660.2918284864
-877580.0782307084
-877541.2457612593
-877568.5611171308
-877727.1095403607
-877713.1526899042
-877659.6796293509
-877564.9364409319
-877619.4872081091
-877647.1219311091
-877640.3435205285
-877714.6235133122
-877630.7439088811
-877629.4523628348
-877621.9261747332
-877695.0438763477
-877587.1835112228
-877596.9665376598
-877744.3842276507
-877544.9468675293
-877645.4597722183
