-848004.0911057795
-848023.4969428567
-847772.6928764384
-847782.7996821739
-847767.1263015181
-847877.5756958419
-847898.8736227525
-847821.9882550555
-847828.0120101373
-847939.4575329436
-848000.5390167288
-847998.8584361783
-847944.3768462312
-847864.4025810751
-847917.6955539178
-847936.8985802876
-847976.2670329008
-847744.6266707355
-847758.8629716941
-847799.6173356257
-847740.241953875
-847734.9971185131
-847723.7384668837
-847651.9532395932
-847730.7730755159
-847838.5969501183
-847725.3939225794
-847912.979962086
-847820.7483360067
-847871.1821355292
-847763.114996257
-847802.4478552053
-847677.9571592477
-847666.4567820317
-847816.8551952002
-847826.2502551005
-847709.4791118209
-847771.6078020359
-847549.3051899103
-847519.9044459566
-847808.4016842829
-847757.2981379159
-847707.6838128525
-847698.7733270815
-847842.0000390772
-847896.7593366498
-847767.5571509922
-847725.0044547678
-847724.0497110754
-847808.4735359299
-847806.759287034
-847912.4017473033
-847986.318949228
-848035.3177149657
-847843.5521934758
-847951.9474958271
-847779.5642073086
-847938.4864943057
-847860.0742091687
-847796.2942904781
-847870.880637494
-847977.3994298781
-848018.9520703966
-847913.346373611
-847776.4662080645
-847836.3581911956
-847882.0252626432
-847900.5269660425
-847849.224711203
-847840.6914978236
-847791.3461203297
-848007.2532134324
-847809.0770584854
-847795.8895892242
-847927.7426314086
-847927.2382591872
-847879.3524177877
-847776.6358382461
-847832.4852999602
-847753.8140293385
-847702.503180405
-847632.4439124797
-847794.2198885564
-847833.8780146318
-847784.1137701223
-847808.2470985722
-847705.1669088673
-847709.5990787767
-847827.4874449117
-847781.4403262421
-847816.9191632915
-847753.9007542555
-847717.8732625237
-847762.0320089207
-847801.8283958307
-847760.2643621725
-847798.7638188432
-847601.0774441538
-847707.1843220835
-847578.1939542389
