-839633.6569642792
-839548.2974895068
-839367.3366978862
-839434.434548676
-839534.498441496
-839524.2285836654
-839453.0758131067
-839544.9975642331
-839449.0829778673
-839646.3648505115
-839485.0316711372
-839558.3720937314
-839386.4377450378
-839377.0108394849
-839401.0639471491
-839266.0049806122
-839373.9725468665
-839385.9111697595
-839169.835519867
-839294.7238552073
-839347.7267366339
-839228.3441244644
-839287.9111242426
-839330.183260261
-839343.9470013299
-839429.5121824868
-839364.3828209523
-839253.3927050142
-839438.8838447881
-839482.5624319033
-839471.0239708258
-839558.4118992073
-839640.166107647
-839480.3057974372
-839465.3222294054
-839613.1222856925
-839510.2913451138
-839387.1939814021
-839310.1021816843
-839476.3154710843
-839435.3998486598
-839544.4321768929
-839497.8549893772
-839567.4420858385
-839483.5317329776
-839356.5453014519
-839403.0558271862
-839567.3631121764
-839497.4611405262
-839482.0251399223
-839393.898376672
-839585.1304500062
-839512.669717777
-839385.3101291395
-839258.6433309566
-839294.2232422048
-839450.978630076
-839471.4272141581
-839425.026328488
-839287.8564923689
-839345.6399977864
-839378.8109924238
-839374.2722625172
-839413.167650274
-839477.6889051985
-839448.3416243611
-839416.3985682377
-839618.113248479
-839543.4570623678
-839486.3729701616
-839658.3629416518
-839542.602232797
-839575.9058191794
-839444.1952484662
-839539.8627853682
-839532.0420967989
-839495.1992419492
-839394.4118947356
-839367.4012767922
-839316.4101452176
-839436.5982114888
-839518.242405373
-839585.1248053529
-839608.3291448108
-839457.2064293998
-839566.2630796817
-839588.492245664
-839549.8074763517
-839558.0581900738
-839443.482863924
-839329.5889127762
-839464.9246185137
-839359.0826033291
-839203.7894566053
-839307.1759554986
-839587.7517138653
-839575.1564301547
-839588.0490105274
-839484.5473249486
-839507.0023984163
