-879617.9040640292
-879668.3400532914
-879629.0840578921
-879604.7731828988
-879692.5719637391
-879587.2388597238
-879585.6083861045
-879621.0551492495
-879760.1353639642
-879608.8451192202
-879581.1799426585
-879591.8877236238
-879605.7108670239
-879571.2591464478
-879497.7646427128
-879608.6950261529
-879551.292110163
-879691.6281266323
-879686.3396808031
-879686.1508761664
-879637.4403657104
-879664.5470502583
-879582.6668861213
-879605.3473290954
-879592.8960259336
-879598.0054112381
-879603.1136869362
-879582.1476461528
-879655.8693089386
-879677.5355091578
-879686.2752024692
-879782.1096283952
-879737.5527285518
-879723.0169215486
-879744.1693968688
-879753.1019822622
-879683.0281037309
-879693.7314224746
-879657.268076323
-879580.7707206891
-879632.8217178338
-879519.9415011036
-879580.6311463062
-879629.9914740403
-879623.851629145
-879563.6130378982
-879551.7147569056
-879589.0229882125
-879552.5169792221
-879705.2723825867
-879597.0177919733
-879602.0371674771
-879731.8125104975
-879708.989891838
-879660.7670441415
-879598.0651783593
-879618.5722296931
-879662.6815992518
-879621.7316561677
-879640.1283279413
-879621.4011406162
-879706.1414989317
-879671.521761009
-879723.7058116646
-879656.7267682537
-879659.8485121905
-879631.7965673977
-879649.1096316496
-879782.0579766332
-879777.5529195932
-879683.6228392769
-879740.7143402768
-879802.9546769087
-879693.4905888025
-879569.7527872524
-879608.6115790822
-879609.9721660896
-879546.1425765915
-879533.1470311172
-879560.5369477215
-879590.5126836777
-879570.9966381143
-879659.6593444061
-879554.8195400729
-879587.5005763836
-879560.0654824696
-879576.511662716
-879578.7427785536
-879586.7038668499
-879624.886617744
-879639.0202511939
-879550.8625958045
-879559.3947411007
-879618.653811298
-879570.1871747107
-879637.445637993
-879631.7883238803
-879664.4772993074
-879609.0538503104
-879614.8979120596
