-860509.0481186415
-860515.4156462795
-860513.7045059374
-860431.519665461
-860298.1251729243
-860291.9088851637
-860184.0640908189
-860413.2938473984
-860500.3073225006
-860482.243151416
-860548.5298907802
-860520.5413172349
-860561.2604266505
-860633.2578639216
-860575.4137776577
-860582.2985362521
-860571.6188298333
-860550.6863726863
-860491.812978263
-860220.6260213115
-860397.6588139697
-860307.807589302
-860335.5314567654
-860329.0577373903
-860254.947659708
-860245.3561653798
-860383.8883558331
-860151.1989068687
-860248.2979006799
-860325.7957901213
-860284.2755140689
-860274.7357701751
-860169.1284600467
-860158.9172031971
-860123.6181429035
-860116.3290189564
-859977.2661998955
-860052.1015400764
-860056.2610325515
-860038.3520709442
-859855.9641254556
-860065.380880757
-860356.1665300253
-860253.7395125424
-860250.3975384044
-860255.8502480029
-860342.5980960468
-860354.6550600117
-860381.9751361653
-860449.379929183
-860302.3524776503
-860135.2197842882
-860141.09547863
-860358.4975878545
-860432.515038652
-860252.3974887598
-860182.2339962603
-860086.8883821927
-860335.0912659594
-860324.8666572133
-860391.2142185232
-860337.1297983588
-860404.3514306709
-860309.5768040854
-860283.3512338466
-860187.7155505292
-860258.3142294103
-860340.3262828168
-860262.9169967644
-860407.6635596802
-860399.540261093
-860267.7002709295
-860419.5688199955
-860315.2748536646
-860280.2119267777
-860453.5277319279
-860272.6625738441
-860452.5635872373
-860446.8950806225
-860348.3419141128
-860238.6895302207
-860082.7363961862
-859923.1538142822
-859919.4851754596
-859969.1348156898
-860028.4151268891
-859959.69837759
-860096.341307179
-860051.6412602367
-860032.5309268539
-860059.9792646556
-860075.2939519302
-860234.507116722
-860256.454434569
-860288.9337432499
-860156.9089629011
-860103.8878497294
-860025.3145879686
-860136.9919228586
-860112.4202557113
