-892589.909415707
-892576.5253474779
-892479.5940382904
-892450.9697053136
-892522.715922417
-892431.8388426066
-892438.2249669421
-892353.9055152507
-892623.8319499926
-892652.9602859649
-892592.5205775237
-892589.9586946452
-892547.07119754
-892645.0536457216
-892615.6912322649
-892621.9422927791
-892554.3127971174
-892632.2236492322
-892525.0878830184
-892558.8543575145
-892537.7404976445
-892506.0416422681
-892660.4465147415
-892585.1528497527
-892506.3704410248
-892616.3440539928
-892689.3428167193
-892576.906658617
-892517.6687946542
-892566.1239096534
-892501.0520209095
-892632.7305814447
-892600.6121727295
-892586.7644920979
-892544.6542875982
-892538.6817516895
-892576.2996338664
-892407.2479501627
-892459.3680749375
-892450.8614481073
-892490.0287473919
-892491.987788901
-892505.3755379552
-892553.7265877554
-892513.051947315
-892604.9630429755
-892461.8460411422
-892486.5094956012
-892543.9922153763
-892503.1455135106
-892531.6927023222
-892505.4125864392
-892454.8705843987
-892654.6401666115
-892572.8471000718
-892740.0614972067
-892607.6262163534
-892676.2908398622
-892553.0197194339
-892661.9452382489
-892742.5389866857
-892796.9076218108
-892820.1783262782
-892855.9095333493
-892786.6364994828
-892774.1734222566
-892704.966873529
-892786.8296326834
-892797.900835915
-892820.3076273768
-892788.9158461819
-892763.4915405889
-892797.2394258515
-892829.1808369946
-892951.784984175
-893014.4763487279
-893006.5266240756
-893001.0187095564
-893139.8566021074
-893042.1091513841
-893108.3317952373
-892980.9975657722
-892989.5760541724
-892914.2570577867
-892995.9897506249
-893038.2968147827
-892978.7535427292
-893099.1192765057
-893114.8304361348
-893092.5669107933
-893174.2027266313
-893156.4181841548
-893135.2457841503
-892941.3013589453
-893013.515604386
-893049.8439894432
-893019.2876082924
-893133.1735504651
-893212.5809499674
-892985.6052985735
