-907969.7911873504
-907975.1556969361
-908004.1719963368
-907945.3503651569
-907920.8066246195
-907935.8030139559
-907961.113304718
-907981.1285203177
-907989.5836174372
-908002.9496418558
-907922.8012368603
-907974.521475881
-907902.6775357149
-907902.8333709701
-907983.2243618902
-907999.4783586494
-907965.8319966034
-907916.2270472749
-907963.9929990073
-907954.8000798032
-908024.5562323419
-907980.3714234377
-907994.5227848284
-908006.5402464723
-908042.5754798062
-907990.2551589028
-907996.0091494869
-907980.8389034743
-908117.767222978
-908107.2060839729
-908050.3850413149
-908010.5125822767
-908026.4503851596
-908037.2971917652
-908045.6187905599
-908050.4294561198
-908036.3952125213
-908053.6730542558
-908093.0723335741
-908153.4732688844
-908165.4303095335
-908158.2640666618
-908142.0465330114
-908171.0810929389
-908191.2725411657
-908116.0197191685
-908157.2767770294
-908157.8934411479
-908089.8404302209
-908148.3081459262
-908195.7152928787
-908177.0122643489
-908216.2810627591
-908243.7464688696
-908298.2139439713
-908304.9777193171
-908248.2759323448
-908314.1697301302
-908318.5797792382
-908336.2181250205
-908366.3301939415
-908355.0374265214
-908311.9526184592
-908360.6518062915
-908371.8745314408
-908395.6792161826
-908338.4658174991
-908352.1457323219
-908363.1397356184
-908363.1080618857
-908392.1208050268
-908440.9715079174
-908442.5265299213
-908448.9747743252
-908376.231727071
-908430.0555348633
-908482.9624309118
-908415.0890436994
-908488.2320792264
-908433.3459197485
-908369.420096529
-908378.2926245743
-908420.561491468
-908403.5797823557
-908507.2087296484
-908418.8904201066
-908453.4402029043
-908509.5448394623
-908369.0555178832
-908380.7066565654
-908385.277566736
-908394.6663641627
-908411.6297921395
-908439.1796918646
-908433.6579649185
-908503.6421264701
-908524.5434701584
-908561.0248944508
-908587.8069754114
-908623.872487299
