-865285.692802439
-865317.4054370624
-865255.5546128058
-865173.4056433502
-865140.0676079
-865136.5270734271
-865094.7401541239
-865160.3954862517
-865147.4986345475
-865257.7744687321
-865204.3016168968
-865184.8068422917
-865237.9536964204
-865278.9946145163
-865369.6725673943
-865213.3695606276
-865263.4198053776
-865260.548090954
-865368.9079696048
-865339.0997600723
-865263.4975244318
-865289.4528223976
-865187.7377418095
-865216.6916695304
-865251.7733417045
-865305.8611041805
-865314.016247257
-865278.0984159962
-865341.3137887687
-865403.6607690025
-865406.6963143897
-865439.3949727304
-865383.1742319138
-865239.9259195229
-865241.8545202117
-865351.6373993966
-865224.9488464773
-865225.1500727524
-865205.2213096567
-865133.1971057706
-865168.1114708625
-865192.4353942632
-865102.6226720684
-865170.8952794338
-865185.8077558804
-865226.1704562933
-865236.874254711
-865304.862868154
-865199.5557054871
-865212.3326686022
-865108.3632896302
-865126.5682872824
-865181.8248643395
-865231.8580219349
-865223.077934928
-865202.1139531815
-865143.8694502083
-865063.406905519
-865087.323268905
-865004.7718930467
-865106.7098190787
-865310.9838099132
-865195.9791329145
-865240.9571843634
-865218.4398399494
-865109.3101906888
-865168.883178524
-865290.2211671291
-865200.6157646601
-865299.224591217
-865245.2286715523
-865315.683878258
-865369.9904435218
-865311.8325170893
-865276.7177265582
-865371.136495994
-865305.257249783
-865334.705839341
-865254.0211267516
-865345.5924616294
-865416.7054442986
-865330.7877469269
-865179.3889455957
-865133.893343328
-865189.1856567415
-865297.4281111354
-865275.9369215167
-865296.3071397477
-865372.5564310879
-865251.9611791039
-865242.6640892071
-865264.9189500965
-865253.437120378
-865148.7007561906
-865151.6363942169
-865109.147024666
-865187.7978267709
-865228.8413938114
-865168.1330843224
-865097.5962805033
