-932798.742528407
-932850.3247999267
-932881.6512139622
-932929.9833450412
-932925.8696984102
-932906.813014328
-932915.6361342012
-932952.097140907
-933025.0276317665
-933000.6471352811
-933029.1844650083
-933056.8972760375
-933070.1756696616
-933039.9156596642
-933064.7029139502
-933134.8634678534
-933105.4801266084
-933134.5089429322
-933128.4809074479
-933206.228114582
-933152.6499312022
-933285.3482550915
-933218.805619757
-933268.9838530374
-933278.5828326007
-933387.3384997076
-933317.1172656881
-933372.3766179143
-933412.6212317215
-933388.4254392926
-933416.7551239226
-933433.1295295334
-933472.7721345796
-933477.0291914451
-933446.7098452552
-933483.5463375159
-933538.7042104404
-933460.2405047192
-933532.9914048943
-933509.6087115451
-933521.715898216
-933562.7422521806
-933584.381050375
-933514.0833332366
-933499.8392481036
-933525.7148596529
-933624.1789419135
-933660.6721382088
-933647.7019983999
-933718.1811354875
-933763.1745250209
-933811.2528898782
-933801.2300408337
-933805.7010184176
-933781.6663608974
-933817.8723395362
-933807.7936374386
-933843.8593071083
-933896.6945978102
-933933.9589561995
-933926.7888003283
-933949.4056595092
-933894.1530925673
-933951.7472349752
-933983.0678446582
-934018.8332730153
-934081.9159024205
-934098.0595497858
-934129.5303888192
-934077.4511184124
-934106.5829340646
-934090.3167926274
-934138.7146672406
-934106.7627542034
-934175.6858457321
-934189.1885976851
-934229.0133267
-934179.6081515629
-934283.3475161729
-934153.4827378767
-934268.7308137146
-934249.4597414939
-934287.7024409719
-934256.8022068515
-934353.838442747
-934323.3204371551
-934372.2149678527
-934392.0780589128
-934354.0219885097
-934337.363148193
-934410.673340009
-934386.5264594097
-934373.3023532798
-934328.6756921038
-934365.7643391539
-934471.6250894015
-934487.0883718274
-934469.8726004907
-934506.8532275079
-934520.2032771503
