-912374.8920942286
-912364.7338365903
-912361.7116180997
-912318.5164455015
-912334.2069081096
-912247.8932844069
-912341.9570871991
-912410.1858073449
-912372.8550783066
-912439.2803402842
-912376.7847615066
-912439.5961929888
-912425.1106033124
-912361.6335777912
-912404.1644218941
-912364.9594447276
-912407.5460363576
-912240.5672250387
-912425.3262650218
-912381.3715627458
-912479.0732090123
-912361.855017374
-912450.6748639768
-912428.6780308661
-912316.0210104707
-912315.9713850466
-912485.4912744747
-912470.6293399567
-912376.7328197738
-912357.8856851156
-912395.1779684612
-912377.8305295738
-912367.4656200315
-912395.2858485663
-912389.2986538172
-912329.3797623187
-912355.0792299861
-912363.4893799509
-912348.1609328127
-912403.616252425
-912330.2749572579
-912426.993999043
-912413.0717470689
-912497.9174711786
-912361.3191055718
-912456.2194371698
-912481.3582519541
-912477.7708283267
-912436.9624973884
-912524.0522611887
-912522.3248766081
-912544.944377699
-912608.4646144104
-912708.2458587915
-912682.629157894
-912619.627147988
-912570.6623815148
-912549.542022731
-912577.4230889649
-912550.5472890984
-912495.4047511873
-912525.4595805461
-912576.1877996061
-912569.9291529255
-912555.5183651021
-912564.0297868259
-912516.6378719028
-912548.3010745193
-912473.510832379
-912420.7300811826
-912451.3373276964
-912382.6256525142
-912505.5125130182
-912561.4556875755
-912461.4554535265
-912525.1223261446
-912499.7773080455
-912459.815737131
-912530.1427772552
-912619.9323732988
-912597.732801154
-912478.0773994132
-912468.0770003481
-912447.715140259
-912647.3603038727
-912459.2363371339
-912417.8969467573
-912558.904018157
-912471.6579939964
-912484.6978070004
-912483.4772519892
-912408.5050530048
-912530.4784770831
-912484.2011191022
-912649.9371116337
-912629.0616947203
-912699.6636610738
-912578.7346073734
-912570.074817364
-912649.0916181684
