-9.0647464062264e+05
-8.9839536481015e+05
-8.9295829426872e+05
-8.8892340317454e+05
-8.8602525931605e+05
-8.8361990879968e+05
-8.8139708091629e+05
-8.7956300704028e+05
-8.7776298465462e+05
-8.7619335600036e+05
-8.7492238231931e+05
-8.7359166582201e+05
-8.7249049245410e+05
-8.7134252634583e+05
-8.7036048582483e+05
-8.6951796265243e+05
-8.6851198702274e+05
-8.6777350447022e+05
-8.6699452748486e+05
-8.6637287020790e+05
-8.6568381188920e+05
-8.6517775373599e+05
-8.6472015870240e+05
-8.6411156932632e+05
-8.6350039373703e+05
-8.6304111780212e+05
-8.6241795723117e+05
-8.6199779951830e+05
-8.6142154926277e+05
-8.6099721116020e+05
-8.6060474902140e+05
-8.6012556789569e+05
-8.5985418435063e+05
-8.5945882919815e+05
-8.5897278289053e+05
-8.5874627758274e+05
-8.5844538349901e+05
-8.5806501129378e+05
-8.5787429062102e+05
-8.5755726021279e+05
-8.5715810626502e+05
-8.5682294640517e+05
-8.5645138292454e+05
-8.5628205896930e+05
-8.5593764278687e+05
-8.5547919525313e+05
-8.5512803012162e+05
-8.5484894713351e+05
-8.5477722773967e+05
-8.5463448469982e+05
-8.5434232985552e+05
-8.5409674539619e+05
-8.5388175257430e+05
-8.5368911251444e+05
-8.5337071947186e+05
-8.5330285159765e+05
-8.5313134049887e+05
-8.5287082188343e+05
-8.5268565120306e+05
-8.5252593590905e+05
-8.5234206289232e+05
-8.5230462632997e+05
-8.5219432403844e+05
-8.5199053680455e+05
-8.5190620084256e+05
-8.5176924876326e+05
-8.5168929667576e+05
-8.5143688380556e+05
-8.5147229263217e+05
-8.5120874818471e+05
-8.5110276617374e+05
-8.5106419272514e+05
-8.5095934723574e+05
-8.5082565116192e+05
-8.5066101090887e+05
-8.5053498869401e+05
-8.5035591923920e+05
-8.5033853535986e+05
-8.5004893122973e+05
-8.4993230096349e+05
-8.4983564271832e+05
-8.4981183936303e+05
-8.4968036139040e+05
-8.4961551813026e+05
-8.4942530793310e+05
-8.4921652340702e+05
-8.4928348508048e+05
-8.4901375106073e+05
-8.4890834943365e+05
-8.4872934638838e+05
-8.4885618504339e+05
-8.4872099318137e+05
-8.4866421403630e+05
-8.4849082773405e+05
-8.4859978691246e+05
-8.4846783773112e+05
-8.4835031092470e+05
-8.4822706723472e+05
-8.4808318938992e+05
-8.4789844811560e+05
-8.4774131039567e+05
-8.4788223450856e+05
-8.4775890358500e+05
-8.4776039999122e+05
-8.4785724423799e+05
-8.4782479999525e+05
-8.4767531608625e+05
-8.4779004608860e+05
-8.4753911989837e+05
-8.4735571198152e+05
-8.4728027781950e+05
-8.4728889980081e+05
-8.4719182810006e+05
-8.4718374100998e+05
-8.4707034581868e+05
-8.4709909174997e+05
-8.4704565074588e+05
-8.4700216772217e+05
-8.4700641082050e+05
-8.4683409322099e+05
-8.4686485428374e+05
-8.4693733994589e+05
-8.4683531096996e+05
-8.4674478284376e+05
-8.4670111069521e+05
-8.4678631678040e+05
-8.4681435370306e+05
-8.4667132303703e+05
-8.4676085944554e+05
-8.4636326729603e+05
-8.4643851801763e+05
-8.4621346680933e+05
-8.4636563689146e+05
-8.4619336161284e+05
-8.4616083325190e+05
-8.4595115263480e+05
-8.4594965391207e+05
-8.4603779592449e+05
-8.4593230085994e+05
-8.4588424542380e+05
-8.4571632818751e+05
-8.4554668785584e+05
-8.4567081529014e+05
-8.4579444310237e+05
-8.4562626338804e+05
-8.4555645480297e+05
-8.4547550666933e+05
-8.4548853083983e+05
-8.4536008855576e+05
-8.4539476847360e+05
-8.4527116803705e+05
-8.4538583623243e+05
-8.4544718529976e+05
-8.4542093533745e+05
-8.4529941064652e+05
-8.4529248031594e+05
-8.4531494374571e+05
-8.4542932120753e+05
-8.4501286200798e+05
-8.4531958798403e+05
-8.4521383892360e+05
-8.4510010809591e+05
-8.4499228737163e+05
-8.4497991171838e+05
-8.4506450916560e+05
-8.4480757192667e+05
-8.4473063523010e+05
-8.4468868702751e+05
-8.4459944263328e+05
-8.4454481734234e+05
-8.4455897742404e+05
-8.4464769810111e+05
-8.4456575893176e+05
-8.4453555837711e+05
-8.4455860696050e+05
-8.4428844783425e+05
-8.4439385593525e+05
-8.4434931626896e+05
-8.4423061958358e+05
-8.4444606570221e+05
-8.4423673923070e+05
-8.4411781341962e+05
-8.4407781672385e+05
-8.4393774981228e+05
-8.4404733039112e+05
-8.4392163484803e+05
-8.4387454588702e+05
-8.4387982532472e+05
-8.4389506729651e+05
-8.4390460436826e+05
-8.4377773015494e+05
-8.4376752314531e+05
-8.4395409745734e+05
-8.4378303832676e+05
-8.4380138346870e+05
-8.4375911101626e+05
-8.4385432929823e+05
-8.4366586209719e+05
-8.4358582963756e+05
-8.4374203858263e+05
-8.4347267962743e+05
-8.4338759851340e+05
-8.4344532077041e+05
-8.4335247125243e+05
-8.4346509607678e+05
-8.4341711388738e+05
-8.4339706364068e+05
-8.4325783747970e+05
-8.4342619218350e+05
-8.4328170635752e+05
-8.4326930704725e+05
-8.4335591175601e+05
-8.4332263095633e+05
-8.4328258434590e+05
-8.4313056291465e+05
-8.4326931007650e+05
-8.4314238651312e+05
-8.4312496090619e+05
-8.4302526786967e+05
-8.4312330935397e+05
-8.4311910269343e+05
-8.4310685527989e+05
-8.4307622670770e+05
-8.4291676128647e+05
-8.4286363096437e+05
-8.4287110452276e+05
-8.4292759918904e+05
-8.4290667782251e+05
-8.4289129883539e+05
-8.4273652617140e+05
-8.4278996247236e+05
-8.4285395385232e+05
-8.4294588966836e+05
-8.4291604428306e+05
-8.4276985828559e+05
-8.4284643820252e+05
-8.4277043687185e+05
-8.4273069550082e+05
-8.4280267467739e+05
-8.4270293959342e+05
-8.4269645864049e+05
-8.4268373024721e+05
-8.4272366255171e+05
-8.4263106645528e+05
-8.4255609879227e+05
-8.4250950952311e+05
-8.4256208055067e+05
-8.4237146321045e+05
-8.4255683088728e+05
-8.4251587298582e+05
-8.4235696698487e+05
-8.4230704607874e+05
-8.4218438520616e+05
-8.4229121587817e+05
-8.4236846062557e+05
-8.4230672323746e+05
-8.4234427281463e+05
-8.4235194500271e+05
-8.4230556741324e+05
-8.4241258579883e+05
-8.4215185797263e+05
-8.4213349859793e+05
-8.4217001019224e+05
-8.4225596608915e+05
-8.4220260503060e+05
-8.4212236110170e+05
-8.4208855899583e+05
-8.4201074116259e+05
-8.4199065526517e+05
-8.4215820667557e+05
-8.4216984096600e+05
-8.4208885935838e+05
-8.4190736886318e+05
-8.4200342279859e+05
-8.4198438587742e+05
-8.4197160391252e+05
-8.4199784767792e+05
-8.4206350340739e+05
-8.4214708228014e+05
-8.4198047872426e+05
-8.4187941047846e+05
-8.4172389666811e+05
-8.4184251292368e+05
-8.4167506355642e+05
-8.4181301779120e+05
-8.4182407043825e+05
-8.4186406575741e+05
-8.4187507949680e+05
-8.4185560191286e+05
-8.4181332127853e+05
-8.4171434570617e+05
-8.4170980186661e+05
-8.4178757951615e+05
-8.4181326124525e+05
-8.4184122237536e+05
-8.4189588162225e+05
-8.4185969895667e+05
-8.4181201819946e+05
-8.4186711416017e+05
-8.4190063488784e+05
-8.4173206910618e+05
-8.4166267391141e+05
-8.4159739710804e+05
-8.4148222934137e+05
-8.4157765280411e+05
-8.4150223957070e+05
-8.4157974848088e+05
-8.4158830301841e+05
-8.4160856682520e+05
-8.4166050705572e+05
-8.4170241418016e+05
-8.4155904881221e+05
-8.4149375298389e+05
-8.4142131112671e+05
-8.4154195958761e+05
-8.4156349690657e+05
-8.4149077341041e+05
-8.4126729662735e+05
-8.4124302339509e+05
-8.4122852387102e+05
-8.4134209265998e+05
-8.4138959854590e+05
-8.4140288706877e+05
-8.4118679670588e+05
-8.4128945810028e+05
-8.4116537555116e+05
-8.4114515400867e+05
-8.4119252648731e+05
-8.4123840288150e+05
-8.4111454281969e+05
-8.4111190318735e+05
-8.4117220966143e+05
-8.4130570761718e+05
-8.4119941672221e+05
-8.4129113024329e+05
-8.4121983593698e+05
-8.4108920609312e+05
-8.4123020475892e+05
-8.4116912017837e+05
-8.4124480204139e+05
-8.4129658607630e+05
-8.4123745734762e+05
-8.4120610828405e+05
-8.4117274388919e+05
-8.4122941600376e+05
-8.4127365252243e+05
-8.4120299158028e+05
-8.4109142992655e+05
-8.4115454184246e+05
-8.4123149288617e+05
-8.4119465323015e+05
-8.4111526399976e+05
-8.4124863201563e+05
-8.4116820780004e+05
-8.4125370828510e+05
-8.4126367799348e+05
-8.4139465812317e+05
-8.4126483381195e+05
-8.4115855815648e+05
-8.4128379838227e+05
-8.4116582810389e+05
-8.4118614954589e+05
-8.4109973397642e+05
-8.4113692037348e+05
-8.4105719066219e+05
-8.4105573342418e+05
-8.4105918898324e+05
-8.4097745170609e+05
-8.4096251106496e+05
-8.4083267337792e+05
-8.4087047403644e+05
-8.4091675648810e+05
-8.4076609590499e+05
-8.4079472891554e+05
-8.4081141691698e+05
-8.4093072362623e+05
-8.4082588949893e+05
-8.4081638811927e+05
-8.4079777100218e+05
-8.4093355270251e+05
-8.4095559173241e+05
-8.4111180059512e+05
-8.4075918890342e+05
-8.4082188343515e+05
-8.4080999447960e+05
-8.4080063508562e+05
-8.4075316229305e+05
-8.4086419521613e+05
-8.4086872360578e+05
-8.4090648169982e+05
-8.4084489616040e+05
-8.4084393348296e+05
-8.4071461199735e+05
-8.4070063986943e+05
-8.4064088191467e+05
-8.4067704959216e+05
-8.4076205143687e+05
-8.4070210936263e+05
-8.4067366894348e+05
-8.4077427941586e+05
-8.4077568071872e+05
-8.4091999070687e+05
-8.4079108399797e+05
-8.4080930900956e+05
-8.4076024610943e+05
-8.4082618986799e+05
-8.4084177082480e+05
-8.4103573276059e+05
-8.4088720769412e+05
-8.4074159777778e+05
-8.4072379327050e+05
-8.4066443495511e+05
-8.4054799323172e+05
-8.4049735668222e+05
-8.4050067151326e+05
-8.4049742665739e+05
-8.4039377627080e+05
-8.4037586557890e+05
-8.4047948930269e+05
-8.4077934158758e+05
-8.4069376375418e+05
-8.4062849206032e+05
-8.4048733463589e+05
-8.4061744245332e+05
-8.4053773685070e+05
-8.4046655456413e+05
-8.4027918002500e+05
-8.4026255860099e+05
-8.4045649883647e+05
-8.4056022152795e+05
-8.4042345525290e+05
-8.4056699793776e+05
-8.4042152316340e+05
-8.4044811654845e+05
-8.4048635235064e+05
-8.4059409101616e+05
-8.4065043598397e+05
-8.4051791221588e+05
-8.4056081476181e+05
-8.4042223293416e+05
-8.4056323782264e+05
-8.4058117852769e+05
-8.4047500330724e+05
-8.4043715796623e+05
-8.4044273372154e+05
-8.4045292487817e+05
-8.4053259822662e+05
-8.4032959601104e+05
-8.4047614624455e+05
-8.4033264718563e+05
-8.4017987372322e+05
-8.4018562974624e+05
-8.4032959082617e+05
-8.4029795974803e+05
-8.4029103852165e+05
-8.4032669742223e+05
-8.4033071049882e+05
-8.4035684424835e+05
-8.4031564178554e+05
-8.4010430157109e+05
-8.4011442540803e+05
-8.4016724369630e+05
-8.4012719300764e+05
-8.4027518928784e+05
-8.4020765635216e+05
-8.4018541567469e+05
-8.4027414030015e+05
-8.4010526827280e+05
-8.4013401599721e+05
-8.4029701513510e+05
-8.4019083907801e+05
-8.4017293084117e+05
-8.4037459126067e+05
-8.4036393739042e+05
-8.4026217556311e+05
-8.4014290839563e+05
-8.4001966956702e+05
-8.4007942873384e+05
-8.3999969459459e+05
-8.4024196936105e+05
-8.4007489902324e+05
-8.4013691522359e+05
-8.4007153462347e+05
-8.4013045622072e+05
-8.4011922300855e+05
-8.4007172429873e+05
-8.4011347959956e+05
-8.4010186723650e+05
-8.4029138353327e+05
-8.4024662769087e+05
-8.4005718327855e+05
-8.4023428412269e+05
-8.4020856106598e+05
-8.4028621851634e+05
-8.4024155726689e+05
-8.4036446802275e+05
-8.4034102342995e+05
-8.4014233378143e+05
-8.4016274235993e+05
-8.4004687759650e+05
-8.4016594072583e+05
-8.4014876761208e+05
-8.4003555377430e+05
-8.4007379366103e+05
-8.4005158224536e+05
-8.3990490286182e+05
-8.3993531237633e+05
-8.3998735511270e+05
-8.3985935096341e+05
-8.3993137516512e+05
-8.3992988426835e+05
-8.3989810325114e+05
-8.3991641567302e+05
-8.3991281474939e+05
-8.3991635384304e+05
-8.4007133473927e+05
-8.4015103853181e+05
-8.4015083075342e+05
-8.4003391264719e+05
-8.3995463297728e+05
-8.3989415445897e+05
-8.3986497382758e+05
-8.3983283095495e+05
-8.3988085838609e+05
-8.3998592938451e+05
-8.4005181482731e+05
-8.4007311614676e+05
-8.4004537119233e+05
-8.4003039320235e+05
-8.3994176790920e+05
-8.3986769882152e+05
-8.3987139816643e+05
-8.4000196490022e+05
-8.3992974706397e+05
-8.3985930800865e+05
-8.3983214707979e+05
-8.4001409379917e+05
-8.3999076937969e+05
-8.3996123385265e+05
-8.4000175940762e+05
-8.3997439801851e+05
-8.3988760269482e+05
-8.4003656482973e+05
-8.4005260973860e+05
-8.4002970820183e+05
-8.4004822707148e+05
-8.3986649893807e+05
-8.3993601248716e+05
-8.3980725984054e+05
-8.4008545615435e+05
-8.4000752582107e+05
-8.3991151295769e+05
-8.3980703591683e+05
-8.3991615447000e+05
-8.3993592177127e+05
-8.3996016480351e+05
-8.3984297479566e+05
-8.3973940834953e+05
-8.3989644999304e+05
-8.4001270358473e+05
-8.3997510384204e+05
-8.3983840039262e+05
-8.3971306436748e+05
-8.3986602441091e+05
-8.3978060207489e+05
-8.3978830288468e+05
-8.3967737100044e+05
-8.3963384431829e+05
-8.3944314473507e+05
-8.3952538616734e+05
-8.3956201371341e+05
-8.3960422984601e+05
-8.3970401093733e+05
-8.3951278790861e+05
-8.3949459794586e+05
-8.3932900540372e+05
-8.3950312721619e+05
-8.3972771198790e+05
-8.3966474191652e+05
-8.3965879777173e+05
-8.3956407912622e+05
-8.3971434812036e+05
-8.3940165423527e+05
-8.3947662217444e+05
-8.3956859710775e+05
-8.3975759552522e+05
-8.3975953516640e+05
-8.3980590828608e+05
-8.3975453587637e+05
-8.3949997830857e+05
-8.3950534229211e+05
-8.3948533567757e+05
-8.3954043566665e+05
-8.3970987209332e+05
-8.3973746709795e+05
-8.3969827791330e+05
-8.3968102027702e+05
-8.3959098070136e+05
-8.3964618374213e+05
-8.3971806833140e+05
-8.3961968513306e+05
-8.3963437071739e+05
-8.3970600560752e+05
-8.3979359849030e+05
-8.3971141919813e+05
-8.3960925262406e+05
-8.3958949435117e+05
-8.3961341040111e+05
-8.3967724612428e+05
-8.3965480214143e+05
-8.3971627502681e+05
-8.3981671527384e+05
-8.3963486886400e+05
-8.3969609976201e+05
-8.3950678123183e+05
-8.3964595111748e+05
-8.3956826284331e+05
-8.3964472575096e+05
-8.3951985405534e+05
-8.3958884216776e+05
-8.3955315019097e+05
-8.3958993102812e+05
-8.3960330511693e+05
-8.3963862767019e+05
-8.3955570662541e+05
-8.3957584808865e+05
-8.3963982383212e+05
-8.3941249633194e+05
-8.3942760236168e+05
-8.3953390847334e+05
-8.3946083148396e+05
-8.3949302009147e+05
-8.3957062258694e+05
-8.3957048442346e+05
-8.3955722339996e+05
-8.3941130952933e+05
-8.3945069153851e+05
-8.3939573460438e+05
-8.3945255242656e+05
-8.3948896842676e+05
-8.3970287242142e+05
-8.3963093401073e+05
-8.3939212843122e+05
-8.3948752988605e+05
-8.3943730238709e+05
-8.3941764460949e+05
-8.3941061940303e+05
-8.3950914891437e+05
-8.3934333396196e+05
-8.3934984542527e+05
-8.3939145834642e+05
-8.3939708022623e+05
-8.3938209155145e+05
-8.3934246755889e+05
-8.3950980317992e+05
-8.3965839063866e+05
-8.3956994194658e+05
-8.3953407125089e+05
-8.3945437733189e+05
-8.3949706883018e+05
-8.3941761956742e+05
-8.3936900924759e+05
-8.3935071274178e+05
-8.3947394162156e+05
-8.3951138056578e+05
-8.3942610604207e+05
-8.3935674326336e+05
-8.3939345250498e+05
-8.3935337200506e+05
-8.3928288917253e+05
-8.3926819886391e+05
-8.3939692214414e+05
-8.3931461603203e+05
-8.3937142982729e+05
-8.3932292714134e+05
-8.3932746603106e+05
-8.3937706022313e+05
-8.3935649164457e+05
-8.3937984599347e+05
-8.3940088172539e+05
-8.3924946682779e+05
-8.3918816288928e+05
-8.3925274469678e+05
-8.3930437667915e+05
-8.3930111613376e+05
-8.3932472807535e+05
-8.3933559006089e+05
-8.3923131421958e+05
-8.3941906547111e+05
-8.3943770645494e+05
-8.3952019424589e+05
-8.3930902618956e+05
-8.3937769712262e+05
-8.3928711075634e+05
-8.3911441807856e+05
-8.3925193396489e+05
-8.3932021114930e+05
-8.3929919926005e+05
-8.3937856541849e+05
-8.3936891199864e+05
-8.3932863130051e+05
-8.3940347289946e+05
-8.3954069090587e+05
-8.3944201870264e+05
-8.3931646346655e+05
-8.3936233614751e+05
-8.3942155865211e+05
-8.3928300907877e+05
-8.3933382535033e+05
-8.3930389046340e+05
-8.3933470516598e+05
-8.3934607037178e+05
-8.3935793205840e+05
-8.3936862383211e+05
-8.3937841329519e+05
-8.3939554160402e+05
-8.3941828998847e+05
-8.3931539176952e+05
-8.3930346055816e+05
-8.3930501715007e+05
-8.3921423540191e+05
-8.3919281058418e+05
-8.3921229343749e+05
-8.3901784399837e+05
-8.3898598898015e+05
-8.3895923500956e+05
-8.3902599528491e+05
-8.3931713890667e+05
-8.3924360042141e+05
-8.3924713345922e+05
-8.3910678082381e+05
-8.3923660777384e+05
-8.3923159189479e+05
-8.3920648552760e+05
-8.3911641973496e+05
-8.3919825620935e+05
-8.3918932496110e+05
-8.3914174437128e+05
-8.3910228081512e+05
-8.3901397588760e+05
-8.3891576862200e+05
-8.3908821299924e+05
-8.3895563076696e+05
-8.3894926549186e+05
-8.3903030851165e+05
-8.3901725320024e+05
-8.3903979765114e+05
-8.3890963033606e+05
-8.3895150575913e+05
-8.3908705439776e+05
-8.3900336549783e+05
-8.3915716835707e+05
-8.3914482962717e+05
-8.3926212095246e+05
-8.3907109292916e+05
-8.3915529380980e+05
-8.3903721901120e+05
-8.3904300642399e+05
-8.3901080687751e+05
-8.3897881891878e+05
-8.3904367575163e+05
-8.3913380494172e+05
-8.3916127864616e+05
-8.3910906638940e+05
-8.3909371936545e+05
-8.3907745656982e+05
-8.3914329887125e+05
-8.3915878896497e+05
-8.3924747457424e+05
-8.3931812766650e+05
-8.3915142349835e+05
-8.3912364822093e+05
-8.3914654957889e+05
-8.3908454738396e+05
-8.3919127651708e+05
-8.3908811508248e+05
-8.3913194518876e+05
-8.3917922556565e+05
-8.3903213672252e+05
-8.3913420013851e+05
-8.3903450548387e+05
-8.3903564773837e+05
-8.3911638728156e+05
-8.3909275470893e+05
-8.3899766556759e+05
-8.3890101916063e+05
-8.3891950767930e+05
-8.3897260210143e+05
-8.3903981960552e+05
-8.3880154581705e+05
-8.3878976673125e+05
-8.3896660206356e+05
-8.3883932918169e+05
-8.3891404917366e+05
-8.3913209792789e+05
-8.3936651979201e+05
-8.3922728279523e+05
-8.3923225200179e+05
-8.3922932968604e+05
-8.3912363591742e+05
-8.3912624045269e+05
-8.3903443497311e+05
-8.3898789714436e+05
-8.3890839578861e+05
-8.3898699632701e+05
-8.3894599629434e+05
-8.3897169629276e+05
-8.3915994033015e+05
-8.3914258692932e+05
-8.3896479422655e+05
-8.3892367464010e+05
-8.3903099289611e+05
-8.3893965284484e+05
-8.3907422781944e+05
-8.3902700719220e+05
-8.3907401186978e+05
-8.3891061870568e+05
-8.3909752428923e+05
-8.3921560502493e+05
-8.3903543376247e+05
-8.3908019492776e+05
-8.3913791077327e+05
-8.3896276850152e+05
-8.3896323244924e+05
-8.3891784959114e+05
-8.3878049299249e+05
-8.3889118943587e+05
-8.3891867031126e+05
-8.3913249749727e+05
-8.3893343027283e+05
-8.3901899197827e+05
-8.3897450283322e+05
-8.3898063243246e+05
-8.3903866877191e+05
-8.3908711320724e+05
-8.3907709324314e+05
-8.3916629126384e+05
-8.3911479140836e+05
-8.3887506893514e+05
-8.3911272901869e+05
-8.3909311696346e+05
-8.3895257737227e+05
-8.3903797189169e+05
-8.3910622661695e+05
-8.3913396587244e+05
-8.3910311686094e+05
-8.3911898527208e+05
-8.3925976526889e+05
-8.3903473181253e+05
-8.3889608642963e+05
-8.3903127311033e+05
-8.3907075437189e+05
-8.3902171118402e+05
-8.3915149845122e+05
-8.3908080715354e+05
-8.3919351941120e+05
-8.3909540940735e+05
-8.3913227563424e+05
-8.3926082100566e+05
-8.3906406460013e+05
-8.3888090844069e+05
-8.3882846771500e+05
-8.3885739002519e+05
-8.3900042427436e+05
-8.3894718748705e+05
-8.3889880979297e+05
-8.3883568495134e+05
-8.3867131831352e+05
-8.3876531453175e+05
-8.3877964584077e+05
-8.3895263111024e+05
-8.3889071951697e+05
-8.3890188733234e+05
-8.3895463527502e+05
-8.3894183575659e+05
-8.3889775063066e+05
-8.3904973738733e+05
-8.3902126056177e+05
-8.3896351903968e+05
-8.3903116051856e+05
-8.3897297343751e+05
-8.3909423651263e+05
-8.3901780834009e+05
-8.3891347155013e+05
-8.3909841198889e+05
-8.3916671242242e+05
-8.3899690813141e+05
-8.3907252341092e+05
-8.3895844288676e+05
-8.3893391696795e+05
-8.3872428398834e+05
-8.3886732647261e+05
-8.3888556579624e+05
-8.3883193877246e+05
-8.3891754673204e+05
-8.3887668266741e+05
-8.3891290033728e+05
-8.3889775251212e+05
-8.3885214971211e+05
-8.3893909761297e+05
-8.3907652689391e+05
-8.3902805665470e+05
-8.3885813877057e+05
-8.3897031628735e+05
-8.3898715553465e+05
-8.3894442621843e+05
-8.3903843115320e+05
-8.3893570494705e+05
-8.3894763912026e+05
-8.3901856709535e+05
-8.3911346796385e+05
-8.3897510303000e+05
-8.3887275665601e+05
-8.3902959418143e+05
-8.3913948385720e+05
-8.3883036807360e+05
-8.3896587408820e+05
-8.3894537833623e+05
-8.3879060387261e+05
-8.3900210981434e+05
-8.3892719663463e+05
-8.3903484892119e+05
-8.3907442126170e+05
-8.3912623674612e+05
-8.3890394642659e+05
-8.3889043401503e+05
-8.3883771296145e+05
-8.3879292494025e+05
-8.3892189241762e+05
-8.3902899672221e+05
-8.3885468199445e+05
-8.3900173248883e+05
-8.3885120720136e+05
-8.3891412199420e+05
-8.3910759435315e+05
-8.3898814634537e+05
-8.3883407591593e+05
-8.3893188422655e+05
-8.3891476725097e+05
-8.3876609479014e+05
-8.3885389604462e+05
-8.3893572014929e+05
-8.3887900905168e+05
-8.3910991550739e+05
-8.3896117355674e+05
-8.3883479456509e+05
-8.3890536380924e+05
-8.3889701770767e+05
-8.3865291883823e+05
-8.3881022638728e+05
-8.3894107269247e+05
-8.3892891433609e+05
-8.3888787074055e+05
-8.3896958487470e+05
-8.3903619574761e+05
-8.3899487890766e+05
-8.3904050618893e+05
-8.3893244817440e+05
-8.3893921044128e+05
-8.3891151822129e+05
-8.3903456359287e+05
-8.3886044278970e+05
-8.3883391865019e+05
-8.3905605364395e+05
-8.3890812302639e+05
-8.3892503949915e+05
-8.3902500898446e+05
-8.3909317882980e+05
-8.3916948486217e+05
-8.3916120521992e+05
-8.3910023939445e+05
-8.3909416673292e+05
-8.3895245613767e+05
-8.3908768718075e+05
-8.3899518323209e+05
-8.3896932354447e+05
-8.3893595617236e+05
-8.3903878674673e+05
-8.3899157161968e+05
-8.3891443120829e+05
-8.3885782706041e+05
-8.3886166354776e+05
-8.3878497074926e+05
-8.3887125508077e+05
-8.3867157076816e+05
-8.3891670250934e+05
-8.3889951034413e+05
-8.3900027986249e+05
-8.3915802012129e+05
-8.3909033048512e+05
-8.3905760237029e+05
-8.3921077734866e+05
-8.3913170138879e+05
-8.3922917567733e+05
-8.3918057745269e+05
-8.3917688634903e+05
-8.3921338584894e+05
-8.3905693299811e+05
-8.3896253272734e+05
-8.3912203891895e+05
-8.3916598425387e+05
-8.3901345224035e+05
-8.3909539071945e+05
-8.3904277967896e+05
-8.3887480221324e+05
-8.3888129385450e+05
-8.3897116415709e+05
-8.3909610485701e+05
-8.3914274794650e+05
-8.3918686923971e+05
-8.3911728751871e+05
-8.3917774777632e+05
-8.3916667029828e+05
-8.3914491195615e+05
-8.3924860975715e+05
-8.3921057392342e+05
-8.3920351183495e+05
-8.3928220299210e+05
-8.3921332590875e+05
-8.3918551757417e+05
-8.3919651417024e+05
-8.3920611727406e+05
-8.3912112250930e+05
-8.3896227521101e+05
-8.3901747122005e+05
-8.3895105403926e+05
-8.3903803181318e+05
-8.3912552509147e+05
-8.3906801988171e+05
-8.3908527196039e+05
-8.3896018927017e+05
-8.3903352766601e+05
-8.3923724817014e+05
-8.3911124880783e+05
-8.3899738899405e+05
-8.3904972088579e+05
-8.3889056603163e+05
-8.3886759855519e+05
-8.3876985023991e+05
-8.3886407415931e+05
-8.3881768559058e+05
-8.3881939456394e+05
-8.3887571671801e+05
-8.3874511550579e+05
-8.3887072183309e+05
-8.3892696553753e+05
-8.3898530094383e+05
-8.3876938109982e+05
-8.3870381804054e+05
-8.3886883993341e+05
-8.3881436857297e+05
-8.3880136509178e+05
-8.3886751013444e+05
-8.3893478735965e+05
-8.3884641651354e+05
-8.3881616692746e+05
-8.3893973686215e+05
-8.3890436712905e+05
-8.3895258686396e+05
-8.3883490451284e+05
-8.3887475230601e+05
-8.3890081871881e+05
-8.3913210228283e+05
-8.3893979508864e+05
-8.3888991590786e+05
-8.3889735636991e+05
-8.3893689272437e+05
-8.3891102058326e+05
-8.3898862714090e+05
-8.3885233610203e+05
-8.3900801863480e+05
-8.3900419583841e+05
-8.3884515240013e+05
-8.3890045613069e+05
-8.3900491479965e+05
-8.3898699266101e+05
-8.3888249125800e+05
-8.3881475987236e+05
-8.3868793670314e+05
-8.3887860855273e+05
-8.3881753398375e+05
-8.3886069358614e+05
-8.3898722058583e+05
-8.3903634576198e+05
-8.3894003364003e+05
-8.3885196598990e+05
-8.3899961299302e+05
-8.3894320871615e+05
-8.3890289517354e+05
-8.3882859866932e+05
-8.3868553066243e+05
-8.3885177719757e+05
-8.3886262716016e+05
-8.3882733662117e+05
-8.3879463251820e+05
-8.3860578685377e+05
-8.3878035762778e+05
-8.3871434096288e+05
-8.3887627962481e+05
-8.3911758874643e+05
