-9.0832194892778e+05
-9.0089303812537e+05
-8.9541118731406e+05
-8.9130911714422e+05
-8.8783277410576e+05
-8.8495959825250e+05
-8.8260316463308e+05
-8.8051110117232e+05
-8.7863286908495e+05
-8.7690908271015e+05
-8.7562091861300e+05
-8.7401507159695e+05
-8.7264807405347e+05
-8.7147543131700e+05
-8.7040531823245e+05
-8.6933323229434e+05
-8.6840924434531e+05
-8.6755781325761e+05
-8.6689316618907e+05
-8.6607260858024e+05
-8.6522809492190e+05
-8.6474279233892e+05
-8.6415000322891e+05
-8.6356334310421e+05
-8.6292839854824e+05
-8.6241041265424e+05
-8.6192551256332e+05
-8.6145964545862e+05
-8.6101796349377e+05
-8.6059436385179e+05
-8.6016850370381e+05
-8.5958968771870e+05
-8.5922732123594e+05
-8.5884401109996e+05
-8.5844262189004e+05
-8.5788509726521e+05
-8.5753203700639e+05
-8.5715496513432e+05
-8.5702470139791e+05
-8.5665497997581e+05
-8.5646110039803e+05
-8.5630334887318e+05
-8.5614954504751e+05
-8.5586176745608e+05
-8.5553327803810e+05
-8.5546022694459e+05
-8.5514068624535e+05
-8.5482553046046e+05
-8.5466761265491e+05
-8.5445377515184e+05
-8.5421830228115e+05
-8.5401492222744e+05
-8.5395926417947e+05
-8.5370900261424e+05
-8.5343954366088e+05
-8.5333303400798e+05
-8.5302253892575e+05
-8.5295673882105e+05
-8.5268187591982e+05
-8.5266585910918e+05
-8.5232127648985e+05
-8.5213933573441e+05
-8.5194977308563e+05
-8.5195793157916e+05
-8.5191800942693e+05
-8.5164079901835e+05
-8.5143051678251e+05
-8.5121073060337e+05
-8.5120100084173e+05
-8.5105838162235e+05
-8.5105759047049e+05
-8.5080936257618e+05
-8.5087318963572e+05
-8.5063457070631e+05
-8.5058024635715e+05
-8.5048910791039e+05
-8.5053293480983e+05
-8.5044568000643e+05
-8.5025913929393e+05
-8.5011115424899e+05
-8.4999929527710e+05
-8.4991953514346e+05
-8.4980744370576e+05
-8.4971871823152e+05
-8.4952934318915e+05
-8.4945067531416e+05
-8.4934629170573e+05
-8.4931683517656e+05
-8.4929689906278e+05
-8.4938837506513e+05
-8.4931851636720e+05
-8.4913388812698e+05
-8.4898367440653e+05
-8.4886576839047e+05
-8.4875563090988e+05
-8.4863266729290e+05
-8.4873806069788e+05
-8.4861421244642e+05
-8.4853422326943e+05
-8.4857918799419e+05
-8.4873347748845e+05
-8.4851544375133e+05
-8.4844907262542e+05
-8.4836392029328e+05
-8.4833797866292e+05
-8.4808271855712e+05
-8.4802156134898e+05
-8.4793757063983e+05
-8.4781020863007e+05
-8.4754041247110e+05
-8.4750311160532e+05
-8.4741068595848e+05
-8.4748582396967e+05
-8.4743678836139e+05
-8.4745869377520e+05
-8.4744079912331e+05
-8.4727446155728e+05
-8.4733445459604e+05
-8.4722288086333e+05
-8.4715430073740e+05
-8.4699836594475e+05
-8.4705602776714e+05
-8.4683251117739e+05
-8.4698768341420e+05
-8.4696693150450e+05
-8.4697813970292e+05
-8.4707650775303e+05
-8.4705008875397e+05
-8.4700865894422e+05
-8.4697753273967e+05
-8.4685224026547e+05
-8.4688623529388e+05
-8.4680735485223e+05
-8.4678863869477e+05
-8.4674262183207e+05
-8.4659377439973e+05
-8.4644799447534e+05
-8.4653713163998e+05
-8.4673635216433e+05
-8.4661650254299e+05
-8.4652211108941e+05
-8.4643703903918e+05
-8.4643730592868e+05
-8.4647127264745e+05
-8.4640298592026e+05
-8.4643341572191e+05
-8.4645831965101e+05
-8.4622102516025e+05
-8.4627793777022e+05
-8.4617773989519e+05
-8.4616366970802e+05
-8.4620412607342e+05
-8.4611877596073e+05
-8.4613458759638e+05
-8.4601739024297e+05
-8.4601264059622e+05
-8.4604409983537e+05
-8.4585935635174e+05
-8.4578763590528e+05
-8.4568600183999e+05
-8.4569732145579e+05
-8.4573563935503e+05
-8.4582729417350e+05
-8.4576258010670e+05
-8.4563095423303e+05
-8.4576046487400e+05
-8.4563949504284e+05
-8.4554822155445e+05
-8.4552718824569e+05
-8.4563792833550e+05
-8.4559046526941e+05
-8.4553389039724e+05
-8.4555876080494e+05
-8.4551733257675e+05
-8.4534913319235e+05
-8.4552887213528e+05
-8.4556003287301e+05
-8.4551741511714e+05
-8.4534225578524e+05
-8.4541424266785e+05
-8.4537839752999e+05
-8.4531482643000e+05
-8.4529592386811e+05
-8.4515911037551e+05
-8.4505150624487e+05
-8.4494897908900e+05
-8.4507063341353e+05
-8.4511274578543e+05
-8.4502820071688e+05
-8.4482027849798e+05
-8.4506018302624e+05
-8.4484681260813e+05
-8.4484430088434e+05
-8.4464439262798e+05
-8.4458207570126e+05
-8.4474573878752e+05
-8.4474975057522e+05
-8.4492183669364e+05
-8.4483643591370e+05
-8.4477181924639e+05
-8.4486337248552e+05
-8.4488635572307e+05
-8.4477904641914e+05
-8.4488923642636e+05
-8.4490215456317e+05
-8.4484523851555e+05
-8.4490924108861e+05
-8.4503069999772e+05
-8.4491799237165e+05
-8.4498967822472e+05
-8.4481861637637e+05
-8.4469403162671e+05
-8.4468134491113e+05
-8.4456852789399e+05
-8.4479430630218e+05
-8.4465457188492e+05
-8.4445967045772e+05
-8.4455902522692e+05
-8.4464954117129e+05
-8.4461157208102e+05
-8.4459337603065e+05
-8.4448443281309e+05
-8.4444520725589e+05
-8.4430944389488e+05
-8.4447443558550e+05
-8.4440573015646e+05
-8.4441990748661e+05
-8.4442213597760e+05
-8.4448357710817e+05
-8.4426729370158e+05
-8.4415029680167e+05
-8.4419498317870e+05
-8.4425600074848e+05
-8.4429367049368e+05
-8.4422888441774e+05
-8.4419375466966e+05
-8.4421839280744e+05
-8.4439496201748e+05
-8.4422609685761e+05
-8.4413698484052e+05
-8.4413213950629e+05
-8.4398308514683e+05
-8.4411701564092e+05
-8.4385365855230e+05
-8.4389142385125e+05
-8.4400780157369e+05
-8.4370793933579e+05
-8.4375184079439e+05
-8.4377134634892e+05
-8.4379772150174e+05
-8.4389553410180e+05
-8.4397671482406e+05
-8.4387450265340e+05
-8.4375077088958e+05
-8.4377356048969e+05
-8.4365448319171e+05
-8.4353010934349e+05
-8.4354548129825e+05
-8.4354841953624e+05
-8.4348261314352e+05
-8.4345644605005e+05
-8.4339795937828e+05
-8.4352716216153e+05
-8.4356543214279e+05
-8.4352198462134e+05
-8.4362119452949e+05
-8.4356596832268e+05
-8.4362717871755e+05
-8.4358583069485e+05
-8.4369483054108e+05
-8.4379083516927e+05
-8.4376007162208e+05
-8.4376574008273e+05
-8.4372598728588e+05
-8.4377461598254e+05
-8.4350377107921e+05
-8.4359977774654e+05
-8.4362732132408e+05
-8.4354201347807e+05
-8.4348770895948e+05
-8.4334331704152e+05
-8.4350632128244e+05
-8.4336563108066e+05
-8.4342044116465e+05
-8.4345407937340e+05
-8.4351351982175e+05
-8.4366017254973e+05
-8.4361389179048e+05
-8.4344609693625e+05
-8.4350609826096e+05
-8.4348482311532e+05
-8.4321608328047e+05
-8.4335106106954e+05
-8.4339208218711e+05
-8.4341791669227e+05
-8.4324112289613e+05
-8.4312557665503e+05
-8.4325738901873e+05
-8.4318259124671e+05
-8.4309535388517e+05
-8.4319617529282e+05
-8.4327950137182e+05
-8.4329536862737e+05
-8.4337453051669e+05
-8.4336932278788e+05
-8.4324809724116e+05
-8.4323501565381e+05
-8.4326376483212e+05
-8.4316915735656e+05
-8.4319311576514e+05
-8.4331320765070e+05
-8.4326304020870e+05
-8.4315932067251e+05
-8.4315551978351e+05
-8.4320866801677e+05
-8.4321875303130e+05
-8.4317930768156e+05
-8.4331152169793e+05
-8.4318923107826e+05
-8.4328583730036e+05
-8.4324785119914e+05
-8.4314734616700e+05
-8.4310346800732e+05
-8.4322213555472e+05
-8.4343945854452e+05
-8.4321138311171e+05
-8.4312292473134e+05
-8.4308903360641e+05
-8.4320098076558e+05
-8.4326123903372e+05
-8.4335491089845e+05
-8.4324795112476e+05
-8.4324074102273e+05
-8.4325251338934e+05
-8.4297701360058e+05
-8.4310996630603e+05
-8.4318090097096e+05
-8.4302385413481e+05
-8.4295574664460e+05
-8.4322551276236e+05
-8.4312134261106e+05
-8.4318583002085e+05
-8.4303462809627e+05
-8.4309334350884e+05
-8.4323937101357e+05
-8.4324042447548e+05
-8.4314173812969e+05
-8.4304276982982e+05
-8.4316147335155e+05
-8.4312807805024e+05
-8.4309080460901e+05
-8.4323118774635e+05
-8.4314506198757e+05
-8.4316325742546e+05
-8.4325454133311e+05
-8.4319307619447e+05
-8.4319256033554e+05
-8.4323745650622e+05
-8.4309070218185e+05
-8.4311549534586e+05
-8.4330136369435e+05
-8.4321121668001e+05
-8.4320027215563e+05
-8.4311672400398e+05
-8.4324525218664e+05
-8.4309891807978e+05
-8.4305614354036e+05
-8.4301604150824e+05
-8.4301179467343e+05
-8.4307753032554e+05
-8.4297247909575e+05
-8.4297688387603e+05
-8.4321668544259e+05
-8.4318565344168e+05
-8.4313470238905e+05
-8.4318081577472e+05
-8.4319381239004e+05
-8.4314656853419e+05
-8.4311755679503e+05
-8.4302769106824e+05
-8.4307416266868e+05
-8.4312638605380e+05
-8.4304226508643e+05
-8.4305120692412e+05
-8.4290996614697e+05
-8.4278605301159e+05
-8.4279567213104e+05
-8.4276142818215e+05
-8.4284295326572e+05
-8.4283414206771e+05
-8.4272692810883e+05
-8.4264316255184e+05
-8.4261207407176e+05
-8.4275012985345e+05
-8.4276982876426e+05
-8.4293334649436e+05
-8.4279672353857e+05
-8.4263134155192e+05
-8.4273890473608e+05
-8.4284448929512e+05
-8.4300743626471e+05
-8.4299061449051e+05
-8.4291755231855e+05
-8.4284994082821e+05
-8.4273311518394e+05
-8.4275379003888e+05
-8.4272619161316e+05
-8.4280756100027e+05
-8.4277510254682e+05
-8.4269338275371e+05
-8.4282028957927e+05
-8.4290688916929e+05
-8.4271731744421e+05
-8.4278711918257e+05
-8.4256314356205e+05
-8.4251704416655e+05
-8.4241974207315e+05
-8.4263607004294e+05
-8.4259491833658e+05
-8.4261633812141e+05
-8.4246136683351e+05
-8.4223424608159e+05
-8.4243837332284e+05
-8.4243494450129e+05
-8.4240757206587e+05
-8.4251986992354e+05
-8.4237403188629e+05
-8.4241726329108e+05
-8.4250864929953e+05
-8.4265913243548e+05
-8.4246498179408e+05
-8.4251240363424e+05
-8.4268097263152e+05
-8.4263398852856e+05
-8.4259924629836e+05
-8.4270203899089e+05
-8.4272400312911e+05
-8.4241809399824e+05
-8.4250435686456e+05
-8.4256910944006e+05
-8.4261542234060e+05
-8.4276526524432e+05
-8.4251654835468e+05
-8.4242455552300e+05
-8.4240485113698e+05
-8.4229745809874e+05
-8.4242131130858e+05
-8.4256793531912e+05
-8.4257142423953e+05
-8.4262431547543e+05
-8.4249308562665e+05
-8.4247054055178e+05
-8.4243654844615e+05
-8.4245924849913e+05
-8.4227596427287e+05
-8.4220930227237e+05
-8.4229049668387e+05
-8.4245893618694e+05
-8.4230908377565e+05
-8.4240459306244e+05
-8.4234876178333e+05
-8.4244368955412e+05
-8.4238054305308e+05
-8.4235187219008e+05
-8.4223303370858e+05
-8.4228613935007e+05
-8.4227716812436e+05
-8.4239194513439e+05
-8.4235693908525e+05
-8.4256738336346e+05
-8.4248841790942e+05
-8.4230626933708e+05
-8.4224964255166e+05
-8.4233384156890e+05
-8.4227785046314e+05
-8.4226957620497e+05
-8.4252654987001e+05
-8.4236073885030e+05
-8.4238110023625e+05
-8.4236196837697e+05
-8.4227704545499e+05
-8.4239784420544e+05
-8.4209160250575e+05
-8.4204454956872e+05
-8.4211997522265e+05
-8.4207991717728e+05
-8.4211859346317e+05
-8.4224007019113e+05
-8.4221193963117e+05
-8.4214844719914e+05
-8.4213220829731e+05
-8.4214239934813e+05
-8.4206303105186e+05
-8.4197530139390e+05
-8.4214408275868e+05
-8.4200140387358e+05
-8.4193947565446e+05
-8.4182192007291e+05
-8.4192262764491e+05
-8.4197495923864e+05
-8.4221926058576e+05
-8.4212950100626e+05
-8.4220188502136e+05
-8.4216781340933e+05
-8.4211824257049e+05
-8.4240596542318e+05
-8.4228767203361e+05
-8.4243086950464e+05
-8.4227025807349e+05
-8.4213747861327e+05
-8.4209140874619e+05
-8.4194330195426e+05
-8.4196344990686e+05
-8.4211406014276e+05
-8.4211427337415e+05
-8.4212883500900e+05
-8.4216730838245e+05
-8.4204431097199e+05
-8.4196237576514e+05
-8.4201497115894e+05
-8.4196692506540e+05
-8.4194128334974e+05
-8.4216476332075e+05
-8.4208448848630e+05
-8.4206015353997e+05
-8.4192864067569e+05
-8.4189794648824e+05
-8.4203259202406e+05
-8.4197071866187e+05
-8.4212248145534e+05
-8.4186184290820e+05
-8.4196408031119e+05
-8.4192143776239e+05
-8.4214344455830e+05
-8.4223192488888e+05
-8.4214089435543e+05
-8.4229206673491e+05
-8.4222456947582e+05
-8.4232799994162e+05
-8.4220774630800e+05
-8.4225520795971e+05
-8.4211969089020e+05
-8.4214113556857e+05
-8.4207876214219e+05
-8.4216485052304e+05
-8.4221239789177e+05
-8.4215316689787e+05
-8.4210241255917e+05
-8.4227051538377e+05
-8.4212235086377e+05
-8.4221256154305e+05
-8.4210986219887e+05
-8.4225216503885e+05
-8.4217111598889e+05
-8.4224455292341e+05
-8.4204935947623e+05
-8.4207125651915e+05
-8.4207180266415e+05
-8.4212661201798e+05
-8.4202598671558e+05
-8.4199312304312e+05
-8.4191298548026e+05
-8.4185820969342e+05
-8.4178197918194e+05
-8.4187371573528e+05
-8.4180019061709e+05
-8.4177723621290e+05
-8.4179428144935e+05
-8.4192935675083e+05
-8.4199035677163e+05
-8.4186885513495e+05
-8.4193148113386e+05
-8.4186990294234e+05
-8.4193313087678e+05
-8.4166774927954e+05
-8.4186337283555e+05
-8.4223257712815e+05
-8.4203088174605e+05
-8.4202939798649e+05
-8.4184006568155e+05
-8.4178930689469e+05
-8.4186609634883e+05
-8.4183751656103e+05
-8.4195720529227e+05
-8.4188939314326e+05
-8.4203594181321e+05
-8.4221369830961e+05
-8.4213081168607e+05
-8.4207898217984e+05
-8.4215460310849e+05
-8.4229582624309e+05
-8.4231330315225e+05
-8.4225747685078e+05
-8.4203259929343e+05
-8.4211565852678e+05
-8.4212150845594e+05
-8.4198482535054e+05
-8.4209752490318e+05
-8.4208576690460e+05
-8.4207312422172e+05
-8.4208631176670e+05
-8.4224894611504e+05
-8.4232454265327e+05
-8.4210844430332e+05
-8.4222525242417e+05
-8.4203314321390e+05
-8.4200362889749e+05
-8.4196635120733e+05
-8.4208985366104e+05
-8.4188520110958e+05
-8.4204519211836e+05
-8.4210524402583e+05
-8.4220551948995e+05
-8.4219764952316e+05
-8.4207253216392e+05
-8.4200345207271e+05
-8.4210838501504e+05
-8.4204604575112e+05
-8.4202013617086e+05
-8.4203368036057e+05
-8.4200402231382e+05
-8.4195619061299e+05
-8.4213975870868e+05
-8.4205596512907e+05
-8.4216536283149e+05
-8.4208744876963e+05
-8.4215035798480e+05
-8.4205993915574e+05
-8.4194086529786e+05
-8.4206219682295e+05
-8.4204272112148e+05
-8.4204853938511e+05
-8.4194104471826e+05
-8.4203633497894e+05
-8.4191058649376e+05
-8.4200232777378e+05
-8.4194791254387e+05
-8.4194952631436e+05
-8.4194993053367e+05
-8.4200882911359e+05
-8.4185629182036e+05
-8.4204737949368e+05
-8.4198618021832e+05
-8.4202107539174e+05
-8.4204199983875e+05
-8.4198996013273e+05
-8.4204358411505e+05
-8.4196119154628e+05
-8.4186661617979e+05
-8.4193822317842e+05
-8.4177202933366e+05
-8.4183258751864e+05
-8.4187007260690e+05
-8.4189116983931e+05
-8.4194395618704e+05
-8.4200859273598e+05
-8.4195497176191e+05
-8.4205857987142e+05
-8.4179091901496e+05
-8.4183574226263e+05
-8.4191209674590e+05
-8.4182798780166e+05
-8.4194458837841e+05
-8.4183297071961e+05
-8.4182514536574e+05
-8.4179210095405e+05
-8.4183414539853e+05
-8.4197540771865e+05
-8.4193920297353e+05
-8.4187024473030e+05
-8.4186843235862e+05
-8.4188932209368e+05
-8.4191752473494e+05
-8.4180024365426e+05
-8.4186038504565e+05
-8.4191950330597e+05
-8.4194011889114e+05
-8.4187574877674e+05
-8.4180703035614e+05
-8.4209109193392e+05
-8.4203899353150e+05
-8.4208192582473e+05
-8.4200235759124e+05
-8.4193241658107e+05
-8.4200221225825e+05
-8.4189165891898e+05
-8.4203073236457e+05
-8.4194900433216e+05
-8.4201308604262e+05
-8.4203189855938e+05
-8.4199032567387e+05
-8.4194350787311e+05
-8.4170822762032e+05
-8.4186314327296e+05
-8.4185635703324e+05
-8.4190748182730e+05
-8.4191102123410e+05
-8.4190255393341e+05
-8.4168774925982e+05
-8.4153561669197e+05
-8.4175813576695e+05
-8.4176896158101e+05
-8.4176919685112e+05
-8.4186933375496e+05
-8.4162349050569e+05
-8.4153790409205e+05
-8.4155586839095e+05
-8.4169915612831e+05
-8.4158954751031e+05
-8.4172162829992e+05
-8.4173996758481e+05
-8.4194596112953e+05
-8.4193587776258e+05
-8.4183516833755e+05
-8.4180899293025e+05
-8.4161059556055e+05
-8.4174594051085e+05
-8.4174990559474e+05
-8.4159196374930e+05
-8.4166821841958e+05
-8.4163455674481e+05
-8.4159482274615e+05
-8.4170121619139e+05
-8.4186949845214e+05
-8.4180856967999e+05
-8.4171808401222e+05
-8.4172108090841e+05
-8.4171029618075e+05
-8.4165252645861e+05
-8.4173156278154e+05
-8.4174849835328e+05
-8.4191869431928e+05
-8.4179237301571e+05
-8.4175017517181e+05
-8.4179407830600e+05
-8.4184047279871e+05
-8.4186342951351e+05
-8.4177541537042e+05
-8.4165980803944e+05
-8.4174557925374e+05
-8.4171352557641e+05
-8.4190232514913e+05
-8.4187451926320e+05
-8.4175985854624e+05
-8.4168897402148e+05
-8.4154909301198e+05
-8.4178296545276e+05
-8.4171077745951e+05
-8.4160455421305e+05
-8.4173081491027e+05
-8.4157852371396e+05
-8.4158235963282e+05
-8.4188993635653e+05
-8.4166966670815e+05
-8.4165255737634e+05
-8.4170654536640e+05
-8.4181361575311e+05
-8.4163570231502e+05
-8.4147946975151e+05
-8.4154296562024e+05
-8.4165225450513e+05
-8.4173077785598e+05
-8.4181829889806e+05
-8.4193824875187e+05
-8.4173359392903e+05
-8.4192986351033e+05
-8.4150920870517e+05
-8.4154294975135e+05
-8.4145602750744e+05
-8.4154245547056e+05
-8.4160379148805e+05
-8.4154048055359e+05
-8.4138660012289e+05
-8.4139465231600e+05
-8.4146868485111e+05
-8.4146339018978e+05
-8.4155816742443e+05
-8.4164858139747e+05
-8.4147440264642e+05
-8.4154986558402e+05
-8.4144940582139e+05
-8.4139836283663e+05
-8.4145749282680e+05
-8.4145506077764e+05
-8.4160487390672e+05
-8.4156464923886e+05
-8.4160625368826e+05
-8.4145455049785e+05
-8.4148845122452e+05
-8.4148168541867e+05
-8.4157606086461e+05
-8.4167243070330e+05
-8.4163267791490e+05
-8.4175462176135e+05
-8.4168974760832e+05
-8.4178266487748e+05
-8.4161422055440e+05
-8.4161391716654e+05
-8.4147478623379e+05
-8.4164430627135e+05
-8.4152145019316e+05
-8.4147455202161e+05
-8.4149023197289e+05
-8.4154899010563e+05
-8.4147646949368e+05
-8.4165231214343e+05
-8.4143611514939e+05
-8.4154095482545e+05
-8.4148082772747e+05
-8.4159534092402e+05
-8.4159030289699e+05
-8.4174354620219e+05
-8.4173329415089e+05
-8.4169483722994e+05
-8.4162276041891e+05
-8.4165392452605e+05
-8.4151071738301e+05
-8.4136298170808e+05
-8.4129824228460e+05
-8.4142318293522e+05
-8.4148149547072e+05
-8.4125289504723e+05
-8.4133116104947e+05
-8.4124175182414e+05
-8.4152297178543e+05
-8.4147453824505e+05
-8.4144350789274e+05
-8.4141800732727e+05
-8.4140355631443e+05
-8.4145931501668e+05
-8.4141277241204e+05
-8.4139917511333e+05
-8.4131162179520e+05
-8.4126455601279e+05
-8.4130976569294e+05
-8.4123670050254e+05
-8.4150833682969e+05
-8.4146318987119e+05
-8.4136385898702e+05
-8.4169202968656e+05
-8.4170699338356e+05
-8.4144108476759e+05
-8.4151284848338e+05
-8.4164362359297e+05
-8.4162555501281e+05
-8.4141028909651e+05
-8.4151040623786e+05
-8.4147646051012e+05
-8.4148184515607e+05
-8.4119158164704e+05
-8.4137015433515e+05
-8.4113935753109e+05
-8.4121572340081e+05
-8.4126100552049e+05
-8.4135428030037e+05
-8.4125937916132e+05
-8.4128709546312e+05
-8.4126439730809e+05
-8.4130568069117e+05
-8.4145340577875e+05
-8.4144235374252e+05
-8.4133650639695e+05
-8.4149147095271e+05
-8.4144759331702e+05
-8.4126022336075e+05
-8.4141149022118e+05
-8.4151184271935e+05
-8.4127283276972e+05
-8.4141703208119e+05
-8.4137958862990e+05
-8.4132092297307e+05
-8.4147594955938e+05
-8.4140551162467e+05
-8.4142269666431e+05
-8.4135282592655e+05
-8.4137377753916e+05
-8.4142355467699e+05
-8.4147733374900e+05
-8.4161940722967e+05
-8.4145240330504e+05
-8.4150951367690e+05
-8.4159185432991e+05
-8.4160017940494e+05
-8.4140432497312e+05
-8.4139890904209e+05
-8.4136806458943e+05
-8.4160302210900e+05
-8.4157204289348e+05
-8.4139418340832e+05
-8.4145714643657e+05
-8.4155325026093e+05
-8.4155792566160e+05
-8.4153847934972e+05
-8.4158920962648e+05
-8.4159147687145e+05
-8.4145021682875e+05
-8.4146299914847e+05
-8.4149977900252e+05
-8.4155174867914e+05
-8.4143080222533e+05
-8.4146633349560e+05
-8.4168548357166e+05
-8.4157459085256e+05
-8.4173465396016e+05
-8.4163004300469e+05
-8.4166701950779e+05
-8.4154785435478e+05
-8.4170915902868e+05
-8.4158568365338e+05
-8.4152659074650e+05
-8.4165585827970e+05
-8.4162434690963e+05
-8.4164402805074e+05
-8.4163903575202e+05
-8.4161528206453e+05
-8.4150415137787e+05
-8.4165878536534e+05
-8.4152806057197e+05
-8.4150372563785e+05
-8.4155826399290e+05
-8.4149977828554e+05
-8.4144792617415e+05
-8.4144515990352e+05
-8.4148095140405e+05
-8.4155748879923e+05
-8.4163047701226e+05
-8.4154603794843e+05
-8.4147574948130e+05
-8.4147018399360e+05
-8.4157312604991e+05
-8.4141367582797e+05
-8.4151395852536e+05
-8.4154028001384e+05
-8.4140974730618e+05
-8.4142339127365e+05
-8.4137832708454e+05
-8.4144934679573e+05
-8.4124213354719e+05
-8.4145869759517e+05
-8.4132113355703e+05
-8.4133080469390e+05
-8.4122983966829e+05
-8.4135322688558e+05
-8.4131954378305e+05
-8.4123003940464e+05
-8.4140467859653e+05
-8.4152008077307e+05
-8.4129055698705e+05
-8.4133579731941e+05
-8.4134406915881e+05
-8.4151684233792e+05
-8.4140688717861e+05
-8.4152961604775e+05
-8.4138732355291e+05
-8.4113107758404e+05
-8.4124582123794e+05
-8.4133914139436e+05
-8.4113098714190e+05
-8.4127553434844e+05
-8.4147427462149e+05
-8.4141642856637e+05
-8.4145086920026e+05
-8.4145611228140e+05
-8.4140187187969e+05
-8.4140389636240e+05
-8.4131417976910e+05
-8.4138400462496e+05
-8.4131085653543e+05
-8.4132431746994e+05
-8.4134910806137e+05
-8.4150862210568e+05
-8.4167594884540e+05
-8.4147771437967e+05
-8.4159095799150e+05
-8.4149800731320e+05
-8.4145968310833e+05
-8.4145923644923e+05
-8.4140035562983e+05
-8.4139543303999e+05
-8.4132611526511e+05
-8.4137906952598e+05
-8.4151023216111e+05
-8.4139411219692e+05
-8.4123557412356e+05
-8.4129157493211e+05
-8.4141370968672e+05
-8.4142333203427e+05
-8.4135514235587e+05
-8.4145890396956e+05
-8.4151450299032e+05
-8.4153520675070e+05
-8.4147528729327e+05
-8.4147308098683e+05
-8.4154600456524e+05
-8.4155255014633e+05
-8.4169132190589e+05
-8.4167616818660e+05
-8.4146193040790e+05
-8.4154965587879e+05
-8.4165847715695e+05
-8.4151841447767e+05
-8.4138597823291e+05
-8.4132175185869e+05
-8.4140616441275e+05
-8.4140863218996e+05
-8.4134108009050e+05
-8.4138887015939e+05
-8.4142586468095e+05
-8.4139620066504e+05
-8.4128244443668e+05
-8.4124010373820e+05
-8.4144680266816e+05
-8.4144920067297e+05
-8.4151009125939e+05
-8.4151840489613e+05
-8.4156680383857e+05
-8.4154516988550e+05
-8.4152561988844e+05
-8.4140408644525e+05
-8.4122136115494e+05
-8.4124106147588e+05
-8.4129065561642e+05
-8.4155260645802e+05
-8.4143072699154e+05
-8.4137701064778e+05
-8.4142592077339e+05
-8.4125944680576e+05
-8.4148706578139e+05
-8.4146536809099e+05
-8.4148344126393e+05
-8.4146956673307e+05
-8.4148556959575e+05
-8.4146369206504e+05
-8.4143387027732e+05
-8.4138490748702e+05
-8.4138666574443e+05
-8.4143030238246e+05
-8.4155907275370e+05
-8.4164953371234e+05
-8.4170394722615e+05
-8.4152396847938e+05
-8.4169884303819e+05
-8.4151466153545e+05
-8.4160971720334e+05
-8.4155734170009e+05
-8.4130471936397e+05
-8.4143597684358e+05
-8.4136571273232e+05
-8.4142886534217e+05
-8.4138865541086e+05
-8.4155495879681e+05
-8.4146047573860e+05
-8.4143449266881e+05
-8.4138778576617e+05
-8.4156428808107e+05
-8.4131251096338e+05
-8.4140852448702e+05
-8.4149769921602e+05
-8.4134063167293e+05
-8.4163191009630e+05
-8.4133719593169e+05
-8.4136584865403e+05
-8.4122915707559e+05
-8.4137219950778e+05
-8.4141483106391e+05
-8.4132320991230e+05
-8.4129678824860e+05
-8.4125177500299e+05
-8.4129466991837e+05
-8.4128062637542e+05
-8.4125157030981e+05
-8.4127748757921e+05
-8.4124493247177e+05
-8.4118632774211e+05
-8.4131751233660e+05
-8.4119539515605e+05
-8.4124338923899e+05
-8.4126914750907e+05
-8.4118396196701e+05
-8.4138446416478e+05
-8.4144882078232e+05
-8.4120042507377e+05
-8.4134794397799e+05
-8.4127240365296e+05
-8.4119296094526e+05
-8.4139778424914e+05
-8.4142864703853e+05
-8.4121887658078e+05
-8.4122060891151e+05
-8.4106319111975e+05
-8.4109389271349e+05
-8.4119321718444e+05
-8.4122944299469e+05
-8.4112905921543e+05
-8.4106077085445e+05
-8.4119196168800e+05
-8.4114507196539e+05
-8.4124654940532e+05
-8.4125230164539e+05
-8.4116897472426e+05
