-9.0848309950897e+05
-9.0077229588771e+05
-8.9512883497775e+05
-8.9087486649683e+05
-8.8760735146059e+05
-8.8478462527528e+05
-8.8259105181584e+05
-8.8066674621091e+05
-8.7889693619665e+05
-8.7732497554381e+05
-8.7579968809295e+05
-8.7444439114284e+05
-8.7320396566585e+05
-8.7203203342071e+05
-8.7113869533659e+05
-8.7009062605272e+05
-8.6900072811224e+05
-8.6820000310533e+05
-8.6712453173307e+05
-8.6645487636853e+05
-8.6581353868482e+05
-8.6499158275413e+05
-8.6424082736727e+05
-8.6370206198125e+05
-8.6309841794405e+05
-8.6247358880627e+05
-8.6190327948104e+05
-8.6155072001303e+05
-8.6113735226674e+05
-8.6055325301583e+05
-8.6006520064083e+05
-8.5965151947301e+05
-8.5920567338468e+05
-8.5877953113145e+05
-8.5829882223547e+05
-8.5779907653605e+05
-8.5748219649067e+05
-8.5713500690345e+05
-8.5688311677051e+05
-8.5638953011488e+05
-8.5627154899444e+05
-8.5596787258048e+05
-8.5566886826388e+05
-8.5535449290287e+05
-8.5511100722558e+05
-8.5472168490269e+05
-8.5437244284202e+05
-8.5415963159486e+05
-8.5392393800006e+05
-8.5389853502566e+05
-8.5353017314987e+05
-8.5327660807993e+05
-8.5312810114605e+05
-8.5288511276986e+05
-8.5252730630194e+05
-8.5232047354135e+05
-8.5210098528337e+05
-8.5194070294985e+05
-8.5175560024304e+05
-8.5169276422991e+05
-8.5153760732047e+05
-8.5127739443802e+05
-8.5118425195293e+05
-8.5096092553533e+05
-8.5073884132712e+05
-8.5068878933359e+05
-8.5058046650960e+05
-8.5044549486454e+05
-8.5040741318231e+05
-8.5033757699300e+05
-8.5015559213699e+05
-8.5017994691275e+05
-8.5000869891658e+05
-8.4992481206604e+05
-8.4979671488948e+05
-8.4961909451733e+05
-8.4939000612739e+05
-8.4927611096364e+05
-8.4926594441129e+05
-8.4906601528883e+05
-8.4897419018870e+05
-8.4886365913058e+05
-8.4860519554713e+05
-8.4867848827168e+05
-8.4861745670047e+05
-8.4843738027756e+05
-8.4830329425366e+05
-8.4815119817123e+05
-8.4811418820282e+05
-8.4805963366638e+05
-8.4802856190991e+05
-8.4812734407055e+05
-8.4790611659942e+05
-8.4776744747558e+05
-8.4761786003781e+05
-8.4752438272264e+05
-8.4751557047361e+05
-8.4745541630429e+05
-8.4740725069971e+05
-8.4737972581311e+05
-8.4734772358463e+05
-8.4733542215262e+05
-8.4720249274866e+05
-8.4705950055527e+05
-8.4693246453916e+05
-8.4696308321095e+05
-8.4688184437270e+05
-8.4702933402025e+05
-8.4690635339854e+05
-8.4689536395615e+05
-8.4670208725682e+05
-8.4664119239226e+05
-8.4665248361178e+05
-8.4669188506188e+05
-8.4653649701339e+05
-8.4648557957504e+05
-8.4638581616172e+05
-8.4648265727247e+05
-8.4644512508322e+05
-8.4642724349797e+05
-8.4623646031828e+05
-8.4617455049534e+05
-8.4621099276989e+05
-8.4639070981224e+05
-8.4629186822485e+05
-8.4611392279259e+05
-8.4601379347950e+05
-8.4614019725659e+05
-8.4608209310194e+05
-8.4600468742306e+05
-8.4603029469867e+05
-8.4598004961519e+05
-8.4592225888488e+05
-8.4595258479503e+05
-8.4597908159433e+05
-8.4583629708597e+05
-8.4576797816530e+05
-8.4584892126928e+05
-8.4580226534443e+05
-8.4574180513066e+05
-8.4560092263989e+05
-8.4555727189080e+05
-8.4543076063912e+05
-8.4539806932645e+05
-8.4538985839316e+05
-8.4554511452111e+05
-8.4536744623111e+05
-8.4523754968420e+05
-8.4523433015423e+05
-8.4532404020833e+05
-8.4519872004945e+05
-8.4518686305149e+05
-8.4516455054031e+05
-8.4506894343712e+05
-8.4496746900503e+05
-8.4490949480164e+05
-8.4491094031340e+05
-8.4501284350372e+05
-8.4505078503095e+05
-8.4501206660057e+05
-8.4498491065472e+05
-8.4494334564080e+05
-8.4504714977610e+05
-8.4500344038942e+05
-8.4495628708487e+05
-8.4483166902784e+05
-8.4488944945073e+05
-8.4488894567298e+05
-8.4487762727212e+05
-8.4484126873033e+05
-8.4458891103215e+05
-8.4472986883401e+05
-8.4478665563758e+05
-8.4484076878059e+05
-8.4475580673459e+05
-8.4466917186296e+05
-8.4455196237991e+05
-8.4462799659577e+05
-8.4456317590587e+05
-8.4439903874533e+05
-8.4431527408010e+05
-8.4437188782157e+05
-8.4437231448491e+05
-8.4439206792279e+05
-8.4421007782403e+05
-8.4419647508769e+05
-8.4430943635421e+05
-8.4443289546812e+05
-8.4438107339608e+05
-8.4433914077700e+05
-8.4432468027731e+05
-8.4414431645776e+05
-8.4415226430260e+05
-8.4411032096820e+05
-8.4405483064764e+05
-8.4417937371532e+05
-8.4411367248297e+05
-8.4411962567041e+05
-8.4424705137700e+05
-8.4426152505792e+05
-8.4413479996662e+05
-8.4424981722818e+05
-8.4420499448514e+05
-8.4428125907386e+05
-8.4427903207417e+05
-8.4427788223943e+05
-8.4413126894417e+05
-8.4417483127462e+05
-8.4410488346412e+05
-8.4416798647713e+05
-8.4419343113835e+05
-8.4406463725831e+05
-8.4389586435015e+05
-8.4398475851432e+05
-8.4390392283537e+05
-8.4386058698822e+05
-8.4367673795949e+05
-8.4383240406859e+05
-8.4368464991197e+05
-8.4383329574624e+05
-8.4375900848758e+05
-8.4375624630693e+05
-8.4370946599906e+05
-8.4366864400021e+05
-8.4363564175471e+05
-8.4366617208724e+05
-8.4375354698795e+05
-8.4367156174207e+05
-8.4367293782996e+05
-8.4366320403383e+05
-8.4366271259197e+05
-8.4367698536553e+05
-8.4346420815583e+05
-8.4366297666692e+05
-8.4357360594613e+05
-8.4367832473562e+05
-8.4364867235742e+05
-8.4355492292097e+05
-8.4356076407641e+05
-8.4338395320453e+05
-8.4342728177734e+05
-8.4335149341707e+05
-8.4328841750990e+05
-8.4356158515388e+05
-8.4337421391000e+05
-8.4345752262662e+05
-8.4352335633895e+05
-8.4340560181396e+05
-8.4321344415919e+05
-8.4323394183461e+05
-8.4304501237711e+05
-8.4315762653889e+05
-8.4297641435672e+05
-8.4305866228472e+05
-8.4300001837850e+05
-8.4305448542754e+05
-8.4315201163525e+05
-8.4303723115101e+05
-8.4316221864673e+05
-8.4306679258199e+05
-8.4317355070622e+05
-8.4305779918434e+05
-8.4306713998961e+05
-8.4302681088505e+05
-8.4310041375227e+05
-8.4293636401641e+05
-8.4294011797116e+05
-8.4290300413705e+05
-8.4291454329695e+05
-8.4303603114448e+05
-8.4310463184607e+05
-8.4318525803181e+05
-8.4305102603015e+05
-8.4323106513472e+05
-8.4315444826034e+05
-8.4316484687691e+05
-8.4319120156161e+05
-8.4331772889282e+05
-8.4319069336262e+05
-8.4321195374473e+05
-8.4312558221113e+05
-8.4304064967791e+05
-8.4302456231969e+05
-8.4297106384692e+05
-8.4287079509381e+05
-8.4301256585148e+05
-8.4312920751452e+05
-8.4311559494814e+05
-8.4314976659038e+05
-8.4309307740746e+05
-8.4303638680429e+05
-8.4304369562500e+05
-8.4301788491840e+05
-8.4286545008429e+05
-8.4290015769912e+05
-8.4285535553850e+05
-8.4295006366344e+05
-8.4296051016131e+05
-8.4286172222763e+05
-8.4265272309697e+05
-8.4270533313645e+05
-8.4266117968251e+05
-8.4287563368502e+05
-8.4276716536223e+05
-8.4269353695360e+05
-8.4276072422880e+05
-8.4273028425929e+05
-8.4271360658848e+05
-8.4278377348506e+05
-8.4279194130711e+05
-8.4276052810780e+05
-8.4286978633898e+05
-8.4289189972144e+05
-8.4293487382714e+05
-8.4279344663506e+05
-8.4273303959821e+05
-8.4269910920124e+05
-8.4278872962969e+05
-8.4275394999527e+05
-8.4273382214966e+05
-8.4268747662667e+05
-8.4280500326914e+05
-8.4263888157518e+05
-8.4241614186018e+05
-8.4238392266085e+05
-8.4246850481701e+05
-8.4240122774756e+05
-8.4247646954161e+05
-8.4241367742962e+05
-8.4258347155559e+05
-8.4257511743531e+05
-8.4247382536214e+05
-8.4263970805248e+05
-8.4252209150327e+05
-8.4250780605865e+05
-8.4244078705739e+05
-8.4233392908213e+05
-8.4245732799968e+05
-8.4250595444592e+05
-8.4268298699279e+05
-8.4269030879266e+05
-8.4266177246004e+05
-8.4259918538065e+05
-8.4247432549869e+05
-8.4246968292281e+05
-8.4249301346772e+05
-8.4251193070590e+05
-8.4238940268336e+05
-8.4256801372511e+05
-8.4244379935381e+05
-8.4247083009855e+05
-8.4241408532243e+05
-8.4247918301793e+05
-8.4258049624351e+05
-8.4248234682910e+05
-8.4259027169266e+05
-8.4269724631664e+05
-8.4262800900200e+05
-8.4263471682292e+05
-8.4272699198404e+05
-8.4264687506669e+05
-8.4271988650431e+05
-8.4274099269622e+05
-8.4266341239440e+05
-8.4254753175889e+05
-8.4257568444067e+05
-8.4280216726607e+05
-8.4270561812810e+05
-8.4262513930333e+05
-8.4263525991515e+05
-8.4250535770348e+05
-8.4234957265710e+05
-8.4232688883089e+05
-8.4236602422552e+05
-8.4248946482167e+05
-8.4254691897838e+05
-8.4256283421002e+05
-8.4246138380032e+05
-8.4246499438697e+05
-8.4254671436587e+05
-8.4235205911676e+05
-8.4239647560216e+05
-8.4241667831406e+05
-8.4241961040345e+05
-8.4222912098671e+05
-8.4225054828334e+05
-8.4229438379116e+05
-8.4239596165468e+05
-8.4232049836972e+05
-8.4223598829222e+05
-8.4231581544921e+05
-8.4230535164018e+05
-8.4246430215535e+05
-8.4251500390914e+05
-8.4229248780800e+05
-8.4231992427797e+05
-8.4227616762772e+05
-8.4229150130912e+05
-8.4233855225947e+05
-8.4237960131913e+05
-8.4238512068360e+05
-8.4247694301212e+05
-8.4250779585236e+05
-8.4235560978300e+05
-8.4243066476589e+05
-8.4247326025055e+05
-8.4246550617636e+05
-8.4234744350089e+05
-8.4244686962709e+05
-8.4251771715327e+05
-8.4253004301859e+05
-8.4243029458863e+05
-8.4236557820909e+05
-8.4235019517006e+05
-8.4242168466447e+05
-8.4241161710773e+05
-8.4237887113727e+05
-8.4239505125875e+05
-8.4225918741239e+05
-8.4247228660219e+05
-8.4236725067577e+05
-8.4220209104707e+05
-8.4235272339985e+05
-8.4212164082308e+05
-8.4224976190459e+05
-8.4239015858136e+05
-8.4228431860829e+05
-8.4232631369855e+05
-8.4225925985737e+05
-8.4224416979846e+05
-8.4246832605596e+05
-8.4245902660094e+05
-8.4245331581287e+05
-8.4242711128356e+05
-8.4238590458900e+05
-8.4243713455896e+05
-8.4240359482658e+05
-8.4240241557721e+05
-8.4248625970896e+05
-8.4247357838198e+05
-8.4229325863682e+05
-8.4225982557186e+05
-8.4247900741343e+05
-8.4226334436108e+05
-8.4231137850603e+05
-8.4216535186655e+05
-8.4222827186700e+05
-8.4219424557828e+05
-8.4217836100252e+05
-8.4231202604521e+05
-8.4215722822819e+05
-8.4205680630869e+05
-8.4218753551967e+05
-8.4228375973536e+05
-8.4236882541896e+05
-8.4212518810507e+05
-8.4219745057326e+05
-8.4209496143154e+05
-8.4200224995579e+05
-8.4211387619384e+05
-8.4206953508988e+05
-8.4211524290122e+05
-8.4225005593874e+05
-8.4214283027266e+05
-8.4219104907529e+05
-8.4216504737073e+05
-8.4231174212924e+05
-8.4219039762388e+05
-8.4207312919844e+05
-8.4197033987706e+05
-8.4205886361869e+05
-8.4201105006782e+05
-8.4216794760545e+05
-8.4239678415288e+05
-8.4228557989763e+05
-8.4235557171153e+05
-8.4244740054822e+05
-8.4228171141739e+05
-8.4224815909320e+05
-8.4224459018886e+05
-8.4231009855994e+05
-8.4232510316849e+05
-8.4241185696260e+05
-8.4240557945474e+05
-8.4239105942363e+05
-8.4230725067744e+05
-8.4236358587905e+05
-8.4226732637314e+05
-8.4226083833303e+05
-8.4221504891936e+05
-8.4236142744130e+05
-8.4235846441019e+05
-8.4221976065301e+05
-8.4210138191069e+05
-8.4234288012078e+05
-8.4230181274843e+05
-8.4216800288583e+05
-8.4220138992133e+05
-8.4195397102366e+05
-8.4197224836290e+05
-8.4210292553613e+05
-8.4214473773416e+05
-8.4201943139170e+05
-8.4196173006225e+05
-8.4204293706453e+05
-8.4201988455607e+05
-8.4201353037686e+05
-8.4211423827347e+05
-8.4210124496833e+05
-8.4210384879200e+05
-8.4206598300189e+05
-8.4200764247701e+05
-8.4204406620721e+05
-8.4204094674005e+05
-8.4181755521126e+05
-8.4182460587827e+05
-8.4170344620840e+05
-8.4177987717170e+05
-8.4160174701083e+05
-8.4173810648929e+05
-8.4173794014377e+05
-8.4172109517578e+05
-8.4181963636616e+05
-8.4157646196172e+05
-8.4187866388700e+05
-8.4196469008249e+05
-8.4177155604026e+05
-8.4175073134893e+05
-8.4171867753090e+05
-8.4176012525836e+05
-8.4186867631487e+05
-8.4170679122082e+05
-8.4175818615131e+05
-8.4183411601384e+05
-8.4179357783811e+05
-8.4187533635564e+05
-8.4174932598087e+05
-8.4190644984274e+05
-8.4178756618489e+05
-8.4190707237848e+05
-8.4194495699695e+05
-8.4173138563382e+05
-8.4193253652393e+05
-8.4182622426735e+05
-8.4186241692220e+05
-8.4200213199556e+05
-8.4209356149111e+05
-8.4215913635137e+05
-8.4198212105203e+05
-8.4198259679551e+05
-8.4194499300464e+05
-8.4215079518949e+05
-8.4191182409318e+05
-8.4203359894750e+05
-8.4186157765007e+05
-8.4194104742815e+05
-8.4186287736403e+05
-8.4177550263089e+05
-8.4180546616440e+05
-8.4182715734453e+05
-8.4199452751989e+05
-8.4196517191987e+05
-8.4184653926982e+05
-8.4184481538891e+05
-8.4175989993947e+05
-8.4192611321323e+05
-8.4191225037014e+05
-8.4179765235434e+05
-8.4172468821791e+05
-8.4169906962607e+05
-8.4194114069882e+05
-8.4164575999138e+05
-8.4152959723066e+05
-8.4167303092560e+05
-8.4174282123496e+05
-8.4184749924802e+05
-8.4177901678158e+05
-8.4170577445758e+05
-8.4175175382330e+05
-8.4160607824596e+05
-8.4174742895698e+05
-8.4164987098768e+05
-8.4146117761894e+05
-8.4147132790639e+05
-8.4166489078384e+05
-8.4166369185554e+05
-8.4153197268507e+05
-8.4172348950828e+05
-8.4169089238168e+05
-8.4155505725446e+05
-8.4162860926554e+05
-8.4170596882778e+05
-8.4187050647495e+05
-8.4164967870024e+05
-8.4156330070217e+05
-8.4159603044713e+05
-8.4163029928535e+05
-8.4170486775825e+05
-8.4160229147792e+05
-8.4154830001350e+05
-8.4171420305879e+05
-8.4183573038245e+05
-8.4178070704485e+05
-8.4187497957051e+05
-8.4198877213908e+05
-8.4197392730449e+05
-8.4188082119110e+05
-8.4188573726012e+05
-8.4178944166377e+05
-8.4177171714403e+05
-8.4172281480294e+05
-8.4158943813269e+05
-8.4165001592350e+05
-8.4176020121478e+05
-8.4179286340797e+05
-8.4178401044178e+05
-8.4184320662392e+05
-8.4174451514830e+05
-8.4160286974550e+05
-8.4168941082579e+05
-8.4156057864815e+05
-8.4173501313995e+05
-8.4166232852280e+05
-8.4165509136124e+05
-8.4189436820594e+05
-8.4175420518834e+05
-8.4187350268524e+05
-8.4186830941509e+05
-8.4184201825839e+05
-8.4177495474148e+05
-8.4183615383697e+05
-8.4191800027465e+05
-8.4171255819562e+05
-8.4166929220891e+05
-8.4184919098430e+05
-8.4198232766769e+05
-8.4190489249043e+05
-8.4183867078538e+05
-8.4162101075941e+05
-8.4170444799968e+05
-8.4159017183031e+05
-8.4159773187527e+05
-8.4165176927996e+05
-8.4160036381698e+05
-8.4144848921985e+05
-8.4150068082669e+05
-8.4153318510770e+05
-8.4140464762092e+05
-8.4140853868270e+05
-8.4162646214958e+05
-8.4172438391819e+05
-8.4149245035327e+05
-8.4151818698260e+05
-8.4150390918909e+05
-8.4161200313882e+05
-8.4141534127411e+05
-8.4154978311010e+05
-8.4153007580686e+05
-8.4168868569165e+05
-8.4160738043888e+05
-8.4161935983363e+05
-8.4158409662906e+05
-8.4156453885016e+05
-8.4171826256348e+05
-8.4158999218302e+05
-8.4154043937464e+05
-8.4147862257566e+05
-8.4154602094083e+05
-8.4163306936699e+05
-8.4163717331726e+05
-8.4148616633495e+05
-8.4169165788486e+05
-8.4166557957091e+05
-8.4166668082424e+05
-8.4167533926517e+05
-8.4175248465730e+05
-8.4162552168298e+05
-8.4156149271685e+05
-8.4172550966131e+05
-8.4157387838643e+05
-8.4175691343425e+05
-8.4160154755011e+05
-8.4151434764912e+05
-8.4150613371855e+05
-8.4154292734135e+05
-8.4163200872854e+05
-8.4157126887833e+05
-8.4176481095142e+05
-8.4186373667952e+05
-8.4147269582248e+05
-8.4146195446416e+05
-8.4145386364203e+05
-8.4149087809513e+05
-8.4135224741138e+05
-8.4150909309781e+05
-8.4157917977865e+05
-8.4141844436674e+05
-8.4143665589422e+05
-8.4146156324211e+05
-8.4144223485707e+05
-8.4156077737005e+05
-8.4141804623616e+05
-8.4154555644772e+05
-8.4158730830897e+05
-8.4167043637510e+05
-8.4150848144589e+05
-8.4142083991075e+05
-8.4127520629365e+05
-8.4139981089511e+05
-8.4132999210268e+05
-8.4132513192872e+05
-8.4133382736195e+05
-8.4139279653938e+05
-8.4136975075541e+05
-8.4144509150603e+05
-8.4136779724251e+05
-8.4136667959227e+05
-8.4138361084144e+05
-8.4130644466142e+05
-8.4132353057031e+05
-8.4133949475156e+05
-8.4138154921734e+05
-8.4131632968745e+05
-8.4133744929247e+05
-8.4131016343222e+05
-8.4142655971812e+05
-8.4134808425386e+05
-8.4122416475729e+05
-8.4115275656131e+05
-8.4131205809933e+05
-8.4116707770988e+05
-8.4125193292603e+05
-8.4119103968746e+05
-8.4115092859503e+05
-8.4113582787462e+05
-8.4112352639431e+05
-8.4126767463274e+05
-8.4121496381210e+05
-8.4112424179842e+05
-8.4132076418982e+05
-8.4123317101503e+05
-8.4143210932959e+05
-8.4135461589346e+05
-8.4137089238621e+05
-8.4140133069544e+05
-8.4133509652765e+05
-8.4136532099486e+05
-8.4144861945482e+05
-8.4145662825541e+05
-8.4144103676827e+05
-8.4133974948877e+05
-8.4131441521058e+05
-8.4157754863462e+05
-8.4141633639120e+05
-8.4154886411147e+05
-8.4150113575833e+05
-8.4144712367863e+05
-8.4140886247904e+05
-8.4131879393293e+05
-8.4135986832037e+05
-8.4149442489702e+05
-8.4137467276875e+05
-8.4132937714491e+05
-8.4122176685577e+05
-8.4134719714124e+05
-8.4139316533690e+05
-8.4145248420300e+05
-8.4158329433112e+05
-8.4140184691636e+05
-8.4145703261558e+05
-8.4150954731793e+05
-8.4167555354288e+05
-8.4138786171746e+05
-8.4136166744544e+05
-8.4127563052521e+05
-8.4136533172614e+05
-8.4134878633004e+05
-8.4128519216107e+05
-8.4150698999340e+05
-8.4130801425718e+05
-8.4130577774973e+05
-8.4120873207507e+05
-8.4118447864031e+05
-8.4128153059610e+05
-8.4126183773377e+05
-8.4115762758853e+05
-8.4109465071359e+05
-8.4119815043870e+05
-8.4129851520673e+05
-8.4152659756280e+05
-8.4126127941022e+05
-8.4146545893790e+05
-8.4144793374314e+05
-8.4132873908778e+05
-8.4126067124878e+05
-8.4113584442559e+05
-8.4135460585638e+05
-8.4115944615531e+05
-8.4120788445952e+05
-8.4114651606007e+05
-8.4105674271047e+05
-8.4105646288740e+05
-8.4111030966951e+05
-8.4095026621984e+05
-8.4124277886137e+05
-8.4121810432657e+05
-8.4122899433915e+05
-8.4111742889053e+05
-8.4117728006153e+05
-8.4133558061479e+05
-8.4126158312511e+05
-8.4129687654434e+05
-8.4119633676731e+05
-8.4090150221099e+05
-8.4102371549546e+05
-8.4108884084543e+05
-8.4111642319461e+05
-8.4094956337510e+05
-8.4110435332416e+05
-8.4115960792285e+05
-8.4129841449817e+05
-8.4097302080658e+05
-8.4098745356122e+05
-8.4111027216200e+05
-8.4116805794013e+05
-8.4123252711646e+05
-8.4117435846459e+05
-8.4109135118259e+05
-8.4114619394638e+05
-8.4132286490343e+05
-8.4116184012516e+05
-8.4125207941383e+05
-8.4128344426847e+05
-8.4123240952376e+05
-8.4146036967932e+05
-8.4134924484151e+05
-8.4124744762608e+05
-8.4124329803942e+05
-8.4141385246313e+05
-8.4139846874451e+05
-8.4143065325503e+05
-8.4122590717717e+05
-8.4122002631191e+05
-8.4103921687964e+05
-8.4102009015472e+05
-8.4103231063417e+05
-8.4103994208235e+05
-8.4113880756815e+05
-8.4114421269456e+05
-8.4118804123537e+05
-8.4121235988347e+05
-8.4131311506174e+05
-8.4124117733795e+05
-8.4109548255274e+05
-8.4110893448671e+05
-8.4112983783116e+05
-8.4117559131935e+05
-8.4116682735658e+05
-8.4101512478797e+05
-8.4098771164983e+05
-8.4124617774828e+05
-8.4111009227447e+05
-8.4106242760138e+05
-8.4104237960834e+05
-8.4121967308800e+05
-8.4136772501225e+05
-8.4134592223228e+05
-8.4121129409450e+05
-8.4117370517525e+05
-8.4118580878506e+05
-8.4120075278260e+05
-8.4114617250513e+05
-8.4129573995033e+05
-8.4125214783345e+05
-8.4128202237633e+05
-8.4119273554462e+05
-8.4125959004478e+05
-8.4133223865917e+05
-8.4134067649010e+05
-8.4141142646204e+05
-8.4137151884411e+05
-8.4144618127863e+05
-8.4126903456523e+05
-8.4118666852132e+05
-8.4122838017719e+05
-8.4114932612294e+05
-8.4113491681493e+05
-8.4139616936707e+05
-8.4128866155867e+05
-8.4134867483880e+05
-8.4134939480303e+05
-8.4138372094642e+05
-8.4145798444151e+05
-8.4140995012565e+05
-8.4127322654880e+05
-8.4113342712046e+05
-8.4104288508578e+05
-8.4140393619606e+05
-8.4137170855682e+05
-8.4119123370752e+05
-8.4135787160230e+05
-8.4121416563879e+05
-8.4126318629793e+05
-8.4145159585074e+05
-8.4141480379675e+05
-8.4144500973638e+05
-8.4140379784869e+05
-8.4139143231652e+05
-8.4139436912027e+05
-8.4134050713462e+05
-8.4130790759889e+05
-8.4123312721535e+05
-8.4127414132854e+05
-8.4126037618236e+05
-8.4126713817742e+05
-8.4133946197104e+05
-8.4124670062014e+05
-8.4126190820749e+05
-8.4137401821968e+05
-8.4155867012575e+05
-8.4150600544943e+05
-8.4143180905487e+05
-8.4138979349274e+05
-8.4136702525666e+05
-8.4122689582367e+05
-8.4133516412280e+05
-8.4105297079571e+05
-8.4110868200282e+05
-8.4123362355099e+05
-8.4120050259174e+05
-8.4111870516872e+05
-8.4130066360094e+05
-8.4123652135014e+05
-8.4128419230552e+05
-8.4117935562232e+05
-8.4121475458376e+05
-8.4119453590522e+05
-8.4122020224066e+05
-8.4144868958543e+05
-8.4128294505137e+05
-8.4110175265353e+05
-8.4108261249088e+05
-8.4093537240408e+05
-8.4125829083726e+05
-8.4093983675843e+05
-8.4098511502925e+05
-8.4093333401374e+05
-8.4088976711523e+05
-8.4093041912309e+05
-8.4072370526376e+05
-8.4093870754415e+05
-8.4100827229460e+05
-8.4096350262726e+05
-8.4106556539224e+05
-8.4105320450984e+05
-8.4117374695194e+05
-8.4120025758439e+05
-8.4116215206970e+05
-8.4120566320404e+05
-8.4122572573425e+05
-8.4112610254168e+05
-8.4122566396796e+05
-8.4133903405558e+05
-8.4128908134338e+05
-8.4125676566460e+05
-8.4123173510539e+05
-8.4117004780620e+05
-8.4120873771671e+05
-8.4133382373126e+05
-8.4138952487100e+05
-8.4134842519967e+05
-8.4131390859726e+05
-8.4120387555030e+05
-8.4114190439326e+05
-8.4115684141493e+05
-8.4106677917235e+05
-8.4105413129389e+05
-8.4117762699826e+05
-8.4116802797076e+05
-8.4131591273724e+05
-8.4133202704704e+05
-8.4134657379732e+05
-8.4137137961950e+05
-8.4117800587347e+05
-8.4116074035149e+05
-8.4123504701984e+05
-8.4132943921329e+05
-8.4150757069893e+05
-8.4127671671413e+05
-8.4137167012337e+05
-8.4132085689074e+05
-8.4121336983250e+05
-8.4129929299162e+05
-8.4137249754448e+05
-8.4141656864134e+05
-8.4146356629078e+05
-8.4158392835633e+05
-8.4149536237016e+05
-8.4147235406848e+05
-8.4146239160962e+05
-8.4126114232603e+05
-8.4141058025013e+05
-8.4143189858490e+05
-8.4148011809926e+05
-8.4143635690767e+05
-8.4154210589792e+05
-8.4167247620627e+05
-8.4147380859965e+05
-8.4150969335074e+05
-8.4129527328026e+05
-8.4131470451820e+05
-8.4146252728540e+05
-8.4130291216171e+05
-8.4131964628820e+05
-8.4117850646194e+05
-8.4124785881604e+05
-8.4137259323721e+05
-8.4147009674654e+05
-8.4148568596776e+05
-8.4155941492567e+05
-8.4158089380686e+05
-8.4136725635000e+05
-8.4145870956575e+05
-8.4141721540214e+05
-8.4157261969594e+05
-8.4141243032774e+05
-8.4142788848080e+05
-8.4146169797577e+05
-8.4120449321676e+05
-8.4119570083990e+05
-8.4126055923620e+05
-8.4124451349147e+05
-8.4135239656780e+05
-8.4117558367468e+05
-8.4133260161601e+05
-8.4129011248951e+05
-8.4120155332630e+05
-8.4121586442567e+05
-8.4123500081211e+05
-8.4125518993070e+05
-8.4130375297870e+05
-8.4125852884175e+05
-8.4122274817899e+05
-8.4121690797305e+05
-8.4122596169386e+05
-8.4116934544287e+05
-8.4097029932226e+05
-8.4098848434172e+05
-8.4103473878088e+05
-8.4105011083106e+05
-8.4101836009243e+05
-8.4101309982924e+05
-8.4089248752337e+05
-8.4107396262293e+05
-8.4104675555055e+05
-8.4103755865323e+05
-8.4111540494466e+05
-8.4104912861340e+05
-8.4116042701935e+05
-8.4109166362510e+05
-8.4103115894409e+05
-8.4109451805096e+05
-8.4122147624351e+05
-8.4100513333226e+05
-8.4116497215754e+05
-8.4115499735433e+05
-8.4121163592943e+05
-8.4125641592204e+05
-8.4121389114730e+05
-8.4133489357357e+05
-8.4126367947960e+05
-8.4118287169231e+05
-8.4101023697561e+05
-8.4104442686149e+05
-8.4109715680443e+05
-8.4140602586584e+05
-8.4130670129564e+05
-8.4106165421996e+05
-8.4111030366676e+05
-8.4106553341607e+05
-8.4094972950809e+05
-8.4100424813031e+05
-8.4112988384074e+05
-8.4108688349572e+05
-8.4109360204025e+05
-8.4113630767381e+05
-8.4114815914972e+05
-8.4114891818343e+05
-8.4107145144392e+05
-8.4109404156821e+05
-8.4104370358512e+05
-8.4122862251025e+05
-8.4125484192295e+05
-8.4107226292156e+05
-8.4102269721097e+05
-8.4116469951105e+05
-8.4115397055326e+05
-8.4123978345310e+05
-8.4111775935610e+05
-8.4124255623220e+05
