-9.0823134555394e+05
-9.0023545876859e+05
-8.9441882847817e+05
-8.8991011012713e+05
-8.8643808681876e+05
-8.8365367042770e+05
-8.8145110300135e+05
-8.7943392523818e+05
-8.7755279565146e+05
-8.7604572197055e+05
-8.7427125197717e+05
-8.7300952601212e+05
-8.7174480179172e+05
-8.7074755051565e+05
-8.6963538529175e+05
-8.6861292350749e+05
-8.6761744868014e+05
-8.6672296595523e+05
-8.6584479256000e+05
-8.6500088963642e+05
-8.6425798610281e+05
-8.6374995891951e+05
-8.6314764980914e+05
-8.6257643450847e+05
-8.6211578115140e+05
-8.6145402341264e+05
-8.6105675963274e+05
-8.6061003048222e+05
-8.6007303046478e+05
-8.5966100835595e+05
-8.5919633811790e+05
-8.5885094933047e+05
-8.5849678646264e+05
-8.5801222407865e+05
-8.5764831210421e+05
-8.5734189114327e+05
-8.5701134585130e+05
-8.5664224466966e+05
-8.5643527297330e+05
-8.5616915674248e+05
-8.5588472455160e+05
-8.5559759425872e+05
-8.5523753437818e+05
-8.5502645805574e+05
-8.5462390249853e+05
-8.5448307341775e+05
-8.5428362851602e+05
-8.5427493334084e+05
-8.5407097201496e+05
-8.5385124531213e+05
-8.5355901240703e+05
-8.5340485612208e+05
-8.5337488952850e+05
-8.5316158057768e+05
-8.5293591843918e+05
-8.5277945375731e+05
-8.5272013365496e+05
-8.5234621022229e+05
-8.5226897586193e+05
-8.5220738471920e+05
-8.5206202009831e+05
-8.5197536385835e+05
-8.5180433550019e+05
-8.5171353698601e+05
-8.5166846242612e+05
-8.5132485494973e+05
-8.5116201620478e+05
-8.5107340549070e+05
-8.5106924893236e+05
-8.5069768702542e+05
-8.5054804069378e+05
-8.5052753952760e+05
-8.5051964821231e+05
-8.5039624963708e+05
-8.5029786179889e+05
-8.5024193196902e+05
-8.5014652786137e+05
-8.5008716188483e+05
-8.4992275685164e+05
-8.4981126414998e+05
-8.4957866481625e+05
-8.4968427040876e+05
-8.4934601400843e+05
-8.4917994867049e+05
-8.4916838800440e+05
-8.4907534240517e+05
-8.4903329349827e+05
-8.4899509171969e+05
-8.4886358023062e+05
-8.4880123394404e+05
-8.4876393006740e+05
-8.4861716704498e+05
-8.4856353865075e+05
-8.4839025106844e+05
-8.4834537764187e+05
-8.4817340309104e+05
-8.4810194394303e+05
-8.4802525677454e+05
-8.4797258379333e+05
-8.4794347226644e+05
-8.4792927253512e+05
-8.4786320404336e+05
-8.4779069743031e+05
-8.4782280112609e+05
-8.4780070918204e+05
-8.4759650318560e+05
-8.4766467931019e+05
-8.4756053895506e+05
-8.4750450832461e+05
-8.4749746646116e+05
-8.4750662957705e+05
-8.4739514935619e+05
-8.4728758434783e+05
-8.4734550212257e+05
-8.4712295134631e+05
-8.4710469160549e+05
-8.4700381418106e+05
-8.4693654885376e+05
-8.4678331514882e+05
-8.4665068195087e+05
-8.4663015318347e+05
-8.4665658256559e+05
-8.4650180455575e+05
-8.4647404101106e+05
-8.4645979882791e+05
-8.4653698603650e+05
-8.4639784963665e+05
-8.4650615003752e+05
-8.4642638307750e+05
-8.4661784140764e+05
-8.4647145501470e+05
-8.4655450157198e+05
-8.4666194479083e+05
-8.4661158805307e+05
-8.4635758720798e+05
-8.4613892838671e+05
-8.4611000727346e+05
-8.4606367841183e+05
-8.4595867550068e+05
-8.4599790508431e+05
-8.4578837455527e+05
-8.4596576985539e+05
-8.4609213701107e+05
-8.4599391439668e+05
-8.4578811838129e+05
-8.4573832326199e+05
-8.4561978430634e+05
-8.4560143655894e+05
-8.4541524901923e+05
-8.4546541027462e+05
-8.4555151703714e+05
-8.4575137269774e+05
-8.4578656970210e+05
-8.4562200747030e+05
-8.4559800416281e+05
-8.4567403272286e+05
-8.4564559988630e+05
-8.4560863165068e+05
-8.4556231584243e+05
-8.4562362463263e+05
-8.4534329709423e+05
-8.4533423440991e+05
-8.4525114285513e+05
-8.4523452779317e+05
-8.4529592834589e+05
-8.4533353282786e+05
-8.4527073694812e+05
-8.4519968977186e+05
-8.4532742140956e+05
-8.4535354159439e+05
-8.4524266486213e+05
-8.4524212400819e+05
-8.4514338245317e+05
-8.4497204009765e+05
-8.4496870281332e+05
-8.4496363565607e+05
-8.4499939967186e+05
-8.4505161823587e+05
-8.4518886218297e+05
-8.4512827150380e+05
-8.4497403704398e+05
-8.4491060729426e+05
-8.4474537247726e+05
-8.4485342024073e+05
-8.4486354348618e+05
-8.4480119556264e+05
-8.4466583510775e+05
-8.4480055267349e+05
-8.4482101137082e+05
-8.4480201247151e+05
-8.4461110068231e+05
-8.4469556328839e+05
-8.4468123367457e+05
-8.4479056614015e+05
-8.4470988731731e+05
-8.4459921496826e+05
-8.4447317296423e+05
-8.4459272572899e+05
-8.4455277793082e+05
-8.4465078308049e+05
-8.4446659456386e+05
-8.4455137281134e+05
-8.4456902864413e+05
-8.4443764451955e+05
-8.4469857185841e+05
-8.4455773327893e+05
-8.4457844331659e+05
-8.4435339086751e+05
-8.4443410011795e+05
-8.4457672369726e+05
-8.4438647680823e+05
-8.4445275150141e+05
-8.4441657500565e+05
-8.4432417518427e+05
-8.4426326078045e+05
-8.4433414022313e+05
-8.4433906253328e+05
-8.4427765484912e+05
-8.4442670476388e+05
-8.4446119163296e+05
-8.4425158803683e+05
-8.4416181051990e+05
-8.4407995993107e+05
-8.4409695586655e+05
-8.4402191165842e+05
-8.4406387963426e+05
-8.4431648795107e+05
-8.4416575735326e+05
-8.4428099762418e+05
-8.4430562460518e+05
-8.4422210441114e+05
-8.4409769418910e+05
-8.4406551881394e+05
-8.4406892106771e+05
-8.4425147029314e+05
-8.4419210059063e+05
-8.4412339547026e+05
-8.4403988945765e+05
-8.4416852042815e+05
-8.4437275367302e+05
-8.4426763833846e+05
-8.4413851149498e+05
-8.4412879025584e+05
-8.4421241213663e+05
-8.4405217927663e+05
-8.4412964332570e+05
-8.4394678235686e+05
-8.4395151618133e+05
-8.4401109671210e+05
-8.4400640812219e+05
-8.4401870861116e+05
-8.4394668737041e+05
-8.4397296435159e+05
-8.4406431616772e+05
-8.4397633179790e+05
-8.4382730596081e+05
-8.4394069369616e+05
-8.4398885797507e+05
-8.4389967428799e+05
-8.4373670738840e+05
-8.4360128130238e+05
-8.4360385292352e+05
-8.4362791883097e+05
-8.4354335331174e+05
-8.4370360831325e+05
-8.4355725010602e+05
-8.4367991474806e+05
-8.4370910308760e+05
-8.4371899059322e+05
-8.4367999501407e+05
-8.4370037518282e+05
-8.4378506039904e+05
-8.4367426206781e+05
-8.4370236439578e+05
-8.4375350911706e+05
-8.4364152778377e+05
-8.4379768639714e+05
-8.4368644068803e+05
-8.4369018343670e+05
-8.4364193538103e+05
-8.4350446591084e+05
-8.4359467200164e+05
-8.4360907064048e+05
-8.4350892801273e+05
-8.4365392423329e+05
-8.4359418103665e+05
-8.4345138056706e+05
-8.4370736226743e+05
-8.4365279959773e+05
-8.4347471282496e+05
-8.4352317591593e+05
-8.4339084167235e+05
-8.4361296170140e+05
-8.4363504187795e+05
-8.4363616635476e+05
-8.4359126704183e+05
-8.4352902222772e+05
-8.4334186043186e+05
-8.4329228454033e+05
-8.4339617136187e+05
-8.4338779746049e+05
-8.4343382097790e+05
-8.4342625120287e+05
-8.4360178857422e+05
-8.4368072918904e+05
-8.4360350710979e+05
-8.4365161664569e+05
-8.4362897467113e+05
-8.4354310907756e+05
-8.4366271316889e+05
-8.4389580050399e+05
-8.4371530737193e+05
-8.4362096628966e+05
-8.4350851369899e+05
-8.4369257651090e+05
-8.4350320762857e+05
-8.4361954885025e+05
-8.4352339461948e+05
-8.4367217870560e+05
-8.4366968217983e+05
-8.4335439750845e+05
-8.4351680731145e+05
-8.4339280916521e+05
-8.4338923814557e+05
-8.4326493537226e+05
-8.4335059290330e+05
-8.4349572560017e+05
-8.4373195034977e+05
-8.4371914456585e+05
-8.4368335139733e+05
-8.4362215095003e+05
-8.4344655096120e+05
-8.4328695487394e+05
-8.4329559120777e+05
-8.4339926691165e+05
-8.4344753637854e+05
-8.4341434617954e+05
-8.4329589213146e+05
-8.4337522057515e+05
-8.4323399917599e+05
-8.4333035426891e+05
-8.4330087314897e+05
-8.4338522245884e+05
-8.4340337993146e+05
-8.4326989304763e+05
-8.4337101800915e+05
-8.4328379861034e+05
-8.4355496750172e+05
-8.4327362992914e+05
-8.4340101330185e+05
-8.4338498316546e+05
-8.4346548970626e+05
-8.4330620574380e+05
-8.4322707893551e+05
-8.4337538638343e+05
-8.4313799077524e+05
-8.4326861448392e+05
-8.4349986210020e+05
-8.4330044010662e+05
-8.4321456249538e+05
-8.4330792614035e+05
-8.4325083327551e+05
-8.4337552248302e+05
-8.4324117307727e+05
-8.4314062773468e+05
-8.4316730883512e+05
-8.4314450203851e+05
-8.4325435659497e+05
-8.4323166050968e+05
-8.4317925750148e+05
-8.4328821611834e+05
-8.4319511511195e+05
-8.4311323035745e+05
-8.4306952370168e+05
-8.4311628382483e+05
-8.4317357456128e+05
-8.4316060639941e+05
-8.4317578584053e+05
-8.4326866561975e+05
-8.4313660398810e+05
-8.4322515412720e+05
-8.4323557661703e+05
-8.4321402720824e+05
-8.4313070757331e+05
-8.4334112618067e+05
-8.4323510033116e+05
-8.4318753426527e+05
-8.4323864280142e+05
-8.4317585800757e+05
-8.4317886468891e+05
-8.4310417947136e+05
-8.4321202667806e+05
-8.4325291658490e+05
-8.4303360031457e+05
-8.4290799064575e+05
-8.4290391767229e+05
-8.4305466300772e+05
-8.4298037454520e+05
-8.4294968904642e+05
-8.4292522847669e+05
-8.4298561881754e+05
-8.4308537382285e+05
-8.4313858103441e+05
-8.4290120235757e+05
-8.4317984171176e+05
-8.4325630084865e+05
-8.4312279855704e+05
-8.4318828985698e+05
-8.4328887922943e+05
-8.4312220082493e+05
-8.4321335169035e+05
-8.4321983072529e+05
-8.4324063843408e+05
-8.4334682707901e+05
-8.4345483999518e+05
-8.4345232944398e+05
-8.4317882214052e+05
-8.4330757927359e+05
-8.4345596763471e+05
-8.4360015384579e+05
-8.4345091741297e+05
-8.4331937775347e+05
-8.4328082764302e+05
-8.4313147134552e+05
-8.4299440473921e+05
-8.4335839214914e+05
-8.4336362880212e+05
-8.4310495566500e+05
-8.4314999106200e+05
-8.4326927890005e+05
-8.4315899648207e+05
-8.4314708030832e+05
-8.4294498248435e+05
-8.4311031119784e+05
-8.4316101380644e+05
-8.4292735337206e+05
-8.4297776710773e+05
-8.4293343549691e+05
-8.4301147408079e+05
-8.4290919462511e+05
-8.4315108746088e+05
-8.4310653781051e+05
-8.4293660194103e+05
-8.4290589084042e+05
-8.4313186782560e+05
-8.4309697814399e+05
-8.4299587602723e+05
-8.4301342926530e+05
-8.4301489186019e+05
-8.4312753692155e+05
-8.4315019169150e+05
-8.4331166294119e+05
-8.4321671080956e+05
-8.4313362188523e+05
-8.4307275953319e+05
-8.4310515613179e+05
-8.4313488137710e+05
-8.4318031067362e+05
-8.4325984471891e+05
-8.4322615325779e+05
-8.4322944846542e+05
-8.4316460392036e+05
-8.4311134496944e+05
-8.4315563225315e+05
-8.4315614274522e+05
-8.4303404497114e+05
-8.4297363605069e+05
-8.4308324103660e+05
-8.4298110223141e+05
-8.4306606378304e+05
-8.4325883595977e+05
-8.4321676791975e+05
-8.4315323177543e+05
-8.4312737939997e+05
-8.4311237484516e+05
-8.4315614540381e+05
-8.4300935671502e+05
-8.4304428427283e+05
-8.4289118077538e+05
-8.4294401638042e+05
-8.4310776758656e+05
-8.4293905428622e+05
-8.4296721541175e+05
-8.4296448142192e+05
-8.4320123589600e+05
-8.4306962863403e+05
-8.4302133769073e+05
-8.4309596107271e+05
-8.4323333349083e+05
-8.4325784799171e+05
-8.4309716272147e+05
-8.4317636186765e+05
-8.4316058323096e+05
-8.4315688249276e+05
-8.4310571645014e+05
-8.4301498605689e+05
-8.4313677535572e+05
-8.4297886035722e+05
-8.4298916082979e+05
-8.4274168718710e+05
-8.4298768173971e+05
-8.4308750287296e+05
-8.4294878594216e+05
-8.4287273086358e+05
-8.4303949219542e+05
-8.4304892549750e+05
-8.4313398631840e+05
-8.4305055475725e+05
-8.4301069434707e+05
-8.4304956582335e+05
-8.4289642737659e+05
-8.4298004994709e+05
-8.4274310217391e+05
-8.4285762234588e+05
-8.4288952005679e+05
-8.4295681849707e+05
-8.4304341759062e+05
-8.4304363550664e+05
-8.4301898188117e+05
-8.4295979572058e+05
-8.4291943766696e+05
-8.4310359853622e+05
-8.4299854696891e+05
-8.4296249915398e+05
-8.4287816849337e+05
-8.4294664987221e+05
-8.4277621229030e+05
-8.4269337513783e+05
-8.4276080792245e+05
-8.4264547190587e+05
-8.4271869935417e+05
-8.4276496944130e+05
-8.4263758724981e+05
-8.4268971095112e+05
-8.4259698868927e+05
-8.4251161637193e+05
-8.4256282903110e+05
-8.4275199321316e+05
-8.4249396900524e+05
-8.4240938931743e+05
-8.4240022442458e+05
-8.4257876383610e+05
-8.4264869248521e+05
-8.4259539061773e+05
-8.4258567393528e+05
-8.4250761333125e+05
-8.4255848809242e+05
-8.4243642617473e+05
-8.4230673959170e+05
-8.4270373364148e+05
-8.4276656341274e+05
-8.4260433334826e+05
-8.4243323409707e+05
-8.4244448823650e+05
-8.4260128385076e+05
-8.4248884612574e+05
-8.4260850416612e+05
-8.4254741026615e+05
-8.4256506023310e+05
-8.4241118207153e+05
-8.4244901458393e+05
-8.4253734643960e+05
-8.4245681106366e+05
-8.4256707594345e+05
-8.4266279774642e+05
-8.4256524237281e+05
-8.4247240543246e+05
-8.4256016881855e+05
-8.4254665079481e+05
-8.4260404746972e+05
-8.4250327438363e+05
-8.4247282050986e+05
-8.4238111123327e+05
-8.4258370921231e+05
-8.4261694475113e+05
-8.4277958181911e+05
-8.4270391333084e+05
-8.4259106262089e+05
-8.4267220151606e+05
-8.4267342505221e+05
-8.4277613282376e+05
-8.4275822031473e+05
-8.4272752647054e+05
-8.4262303321895e+05
-8.4259442092834e+05
-8.4253085494721e+05
-8.4268483542307e+05
-8.4275619195065e+05
-8.4273970224378e+05
-8.4258733431726e+05
-8.4267017315921e+05
-8.4258140836092e+05
-8.4267936555804e+05
-8.4256158751713e+05
-8.4268947512472e+05
-8.4264162050337e+05
-8.4250424416411e+05
-8.4270969854758e+05
-8.4280036608867e+05
-8.4281864124111e+05
-8.4279526247351e+05
-8.4262748115142e+05
-8.4269380992496e+05
-8.4242461629345e+05
-8.4276297034345e+05
-8.4272532274960e+05
-8.4276927869042e+05
-8.4275264665865e+05
-8.4262880257012e+05
-8.4259665802195e+05
-8.4274259605633e+05
-8.4263947685165e+05
-8.4264155611522e+05
-8.4271718778872e+05
-8.4268822645609e+05
-8.4265850263630e+05
-8.4256592652094e+05
-8.4256158913700e+05
-8.4245423604294e+05
-8.4240806099333e+05
-8.4237988347955e+05
-8.4241997405980e+05
-8.4243910884821e+05
-8.4247350390271e+05
-8.4253140131834e+05
-8.4267325113496e+05
-8.4265125120146e+05
-8.4262909651898e+05
-8.4264308877243e+05
-8.4282606126069e+05
-8.4280705774773e+05
-8.4276871331640e+05
-8.4267646316854e+05
-8.4257486181943e+05
-8.4251555856087e+05
-8.4242009476387e+05
-8.4248796113346e+05
-8.4228579513832e+05
-8.4242957178834e+05
-8.4241082721884e+05
-8.4249850324955e+05
-8.4260703461141e+05
-8.4246388498895e+05
-8.4260263928874e+05
-8.4267259460841e+05
-8.4251944823073e+05
-8.4255418906221e+05
-8.4244447806402e+05
-8.4252478169130e+05
-8.4234577147360e+05
-8.4250649299262e+05
-8.4259523699784e+05
-8.4270469635429e+05
-8.4260623480266e+05
-8.4245591871629e+05
-8.4246397616956e+05
-8.4248173692896e+05
-8.4238078743587e+05
-8.4232768758510e+05
-8.4229419256234e+05
-8.4233285613153e+05
-8.4226511527283e+05
-8.4254275973365e+05
-8.4247936946016e+05
-8.4242375459306e+05
-8.4258116879692e+05
-8.4256869329604e+05
-8.4262546083851e+05
-8.4238234274589e+05
-8.4246810339308e+05
-8.4228590363257e+05
-8.4244869173216e+05
-8.4229671587718e+05
-8.4214973819564e+05
-8.4206926462265e+05
-8.4227972099361e+05
-8.4231502036576e+05
-8.4235157570938e+05
-8.4243767005393e+05
-8.4236967267621e+05
-8.4233485189052e+05
-8.4239966395026e+05
-8.4248688821323e+05
-8.4243255280241e+05
-8.4227911707892e+05
-8.4221445908929e+05
-8.4217089801006e+05
-8.4231646115905e+05
-8.4207310599801e+05
-8.4226325958055e+05
-8.4215489515660e+05
-8.4218112576995e+05
-8.4233587284847e+05
-8.4242340810709e+05
-8.4231573868604e+05
-8.4236428785727e+05
-8.4234926913455e+05
-8.4236148743546e+05
-8.4236688103715e+05
-8.4237954997080e+05
-8.4237172102363e+05
-8.4232029034930e+05
-8.4243319687285e+05
-8.4234241519269e+05
-8.4247010458400e+05
-8.4270493414565e+05
-8.4245902758852e+05
-8.4257201043898e+05
-8.4266123198101e+05
-8.4268208707861e+05
-8.4251833025814e+05
-8.4239055671511e+05
-8.4250994415807e+05
-8.4253297875304e+05
-8.4264631102344e+05
-8.4243356307042e+05
-8.4241099099984e+05
-8.4235716372449e+05
-8.4224105459760e+05
-8.4229304659246e+05
-8.4232105715385e+05
-8.4215665153661e+05
-8.4215764748898e+05
-8.4233303316094e+05
-8.4247171427355e+05
-8.4244497837122e+05
-8.4244513543431e+05
-8.4248210540518e+05
-8.4250235880431e+05
-8.4254277694458e+05
-8.4244152195106e+05
-8.4251854572520e+05
-8.4243656956398e+05
-8.4241496878998e+05
-8.4230406537126e+05
-8.4230961760038e+05
-8.4221112932874e+05
-8.4228760186618e+05
-8.4228735388725e+05
-8.4217910653029e+05
-8.4222773263434e+05
-8.4225817613710e+05
-8.4214210132558e+05
-8.4223606758220e+05
-8.4214373765820e+05
-8.4216750318606e+05
-8.4208027448456e+05
-8.4231779392507e+05
-8.4235151562704e+05
-8.4235098124097e+05
-8.4211071935899e+05
-8.4217370102400e+05
-8.4221586760996e+05
-8.4229721869169e+05
-8.4241085603436e+05
-8.4234937501582e+05
-8.4242749926384e+05
-8.4238847967656e+05
-8.4248452690822e+05
-8.4256173847267e+05
-8.4244195929965e+05
-8.4216827715225e+05
-8.4223828434322e+05
-8.4226804773709e+05
-8.4233365856919e+05
-8.4234371136442e+05
-8.4224972097861e+05
-8.4236512638961e+05
-8.4220234765507e+05
-8.4227740592014e+05
-8.4218012974656e+05
-8.4238921930443e+05
-8.4221629909054e+05
-8.4236723164050e+05
-8.4241358955550e+05
-8.4232638088206e+05
-8.4233682129538e+05
-8.4242632647491e+05
-8.4216441498529e+05
-8.4214985644817e+05
-8.4208271740476e+05
-8.4221371275683e+05
-8.4221515301500e+05
-8.4225634595708e+05
-8.4207579496770e+05
-8.4197616971213e+05
-8.4200440397166e+05
-8.4206599352923e+05
-8.4200076207151e+05
-8.4222084524573e+05
-8.4212572795634e+05
-8.4201844140090e+05
-8.4223993384823e+05
-8.4204447940193e+05
-8.4217907259386e+05
-8.4212548006519e+05
-8.4208791275104e+05
-8.4198794136104e+05
-8.4211276144790e+05
-8.4215526559707e+05
-8.4206986638431e+05
-8.4209959808108e+05
-8.4220488982528e+05
-8.4212858896178e+05
-8.4202476271386e+05
-8.4215111568862e+05
-8.4221296104905e+05
-8.4213403865997e+05
-8.4226801147677e+05
-8.4231953010905e+05
-8.4226419987563e+05
-8.4231307270824e+05
-8.4225079725290e+05
-8.4225629352944e+05
-8.4241707790984e+05
-8.4225761309337e+05
-8.4222610390803e+05
-8.4219559149767e+05
-8.4221865270094e+05
-8.4216897263991e+05
-8.4219497136099e+05
-8.4220452217071e+05
-8.4215770567013e+05
-8.4210687596250e+05
-8.4201505878519e+05
-8.4218227543588e+05
-8.4205861816690e+05
-8.4207434940380e+05
-8.4207550466650e+05
-8.4216522789711e+05
-8.4211234686644e+05
-8.4200535717175e+05
-8.4206053429529e+05
-8.4205451208915e+05
-8.4220155014570e+05
-8.4222570493864e+05
-8.4224704670472e+05
-8.4226840402336e+05
-8.4239721314904e+05
-8.4233285758717e+05
-8.4206942635972e+05
-8.4215458855561e+05
-8.4220825852186e+05
-8.4215681083701e+05
-8.4230374165162e+05
-8.4211472128238e+05
-8.4215450018919e+05
-8.4216356743247e+05
-8.4188248379491e+05
-8.4195098796796e+05
-8.4201044514336e+05
-8.4192230014098e+05
-8.4176998566957e+05
-8.4196912707474e+05
-8.4173051211787e+05
-8.4190616348202e+05
-8.4190854195478e+05
-8.4202827576024e+05
-8.4183157459803e+05
-8.4179364873420e+05
-8.4203284005407e+05
-8.4201944774024e+05
-8.4199995280265e+05
-8.4189269850818e+05
-8.4200622528001e+05
-8.4196266308608e+05
-8.4206521019128e+05
-8.4220577593893e+05
-8.4215735937348e+05
-8.4202059544897e+05
-8.4218597037200e+05
-8.4210127479575e+05
-8.4218158614843e+05
-8.4213161778268e+05
-8.4199723570913e+05
-8.4206280537242e+05
-8.4206859512047e+05
-8.4186314298466e+05
-8.4205808715739e+05
-8.4202117165998e+05
-8.4181483539960e+05
-8.4200589269400e+05
-8.4174252966317e+05
-8.4181345498138e+05
-8.4179776481922e+05
-8.4190368625449e+05
-8.4203381175576e+05
-8.4192061409277e+05
-8.4202709829540e+05
-8.4188308598688e+05
-8.4190080092163e+05
-8.4209371181753e+05
-8.4205193776315e+05
-8.4198802433872e+05
-8.4212309280865e+05
-8.4211609852981e+05
-8.4196299023520e+05
-8.4197185802201e+05
-8.4193016257548e+05
-8.4198349085356e+05
-8.4191719200836e+05
-8.4203014818141e+05
-8.4197043003522e+05
-8.4206640547013e+05
-8.4191337231365e+05
-8.4210277985510e+05
-8.4181321041831e+05
-8.4197490040664e+05
-8.4210433512692e+05
-8.4193775396738e+05
-8.4191719031311e+05
-8.4186019545965e+05
-8.4191599583732e+05
-8.4206200390730e+05
-8.4210454122017e+05
-8.4206890766142e+05
-8.4205105614299e+05
-8.4213459507017e+05
-8.4199902651328e+05
-8.4181240380363e+05
-8.4197283067113e+05
-8.4212025864278e+05
-8.4213337078714e+05
-8.4194501689915e+05
-8.4196762857608e+05
-8.4197915366508e+05
-8.4217233008431e+05
-8.4205342966580e+05
-8.4205908209952e+05
-8.4202033484631e+05
-8.4188222448159e+05
-8.4186091733626e+05
-8.4181596052360e+05
-8.4213835496296e+05
-8.4204006210956e+05
-8.4206551636678e+05
-8.4184891128927e+05
-8.4192875014419e+05
-8.4207836807836e+05
-8.4192625426505e+05
-8.4195503829529e+05
-8.4191771472656e+05
-8.4202437331692e+05
-8.4205350827640e+05
-8.4217344537662e+05
-8.4199580803800e+05
-8.4212497946497e+05
-8.4205422084993e+05
-8.4207968300478e+05
-8.4199985263029e+05
-8.4187080107093e+05
-8.4196563346762e+05
-8.4201253748713e+05
-8.4204408435856e+05
-8.4201405497443e+05
-8.4202801099626e+05
-8.4219292329549e+05
-8.4215077515961e+05
-8.4209245107929e+05
-8.4226943958355e+05
-8.4209690874446e+05
-8.4212661328585e+05
-8.4186182651709e+05
-8.4191284577227e+05
-8.4191332526026e+05
-8.4208114762738e+05
-8.4209552467227e+05
-8.4208214759809e+05
-8.4223560343483e+05
-8.4221859958852e+05
-8.4230697986280e+05
-8.4211693867525e+05
-8.4208275595921e+05
-8.4217158308546e+05
-8.4205327580719e+05
-8.4207021174341e+05
-8.4214848542945e+05
-8.4216853795125e+05
-8.4214899104153e+05
-8.4220559567945e+05
-8.4207755055110e+05
-8.4202612791108e+05
-8.4208188566532e+05
-8.4192604718898e+05
-8.4187331660840e+05
-8.4202996003000e+05
-8.4203465212543e+05
-8.4190436103547e+05
-8.4181306764654e+05
-8.4175511678930e+05
-8.4172706445273e+05
-8.4193178580861e+05
-8.4181495969132e+05
-8.4196774133911e+05
-8.4187620631127e+05
-8.4179537929255e+05
-8.4185752505699e+05
-8.4198478150750e+05
-8.4206818160556e+05
-8.4195894186083e+05
-8.4196162493146e+05
-8.4185747693827e+05
-8.4194746704452e+05
-8.4200036224278e+05
-8.4184857869666e+05
-8.4203429041802e+05
-8.4213919417365e+05
-8.4201505088707e+05
-8.4203127135453e+05
-8.4186563718373e+05
-8.4192777716243e+05
-8.4201822160801e+05
-8.4203166989708e+05
-8.4194114095790e+05
-8.4209725849627e+05
-8.4203426522656e+05
-8.4206150596259e+05
-8.4197682904954e+05
-8.4205085271794e+05
-8.4214596910453e+05
-8.4202879041140e+05
-8.4204829880463e+05
-8.4210004726929e+05
-8.4219540539506e+05
-8.4203486745730e+05
-8.4228685438733e+05
-8.4217864656058e+05
-8.4215086908007e+05
-8.4196805664354e+05
-8.4194570315211e+05
-8.4187340409938e+05
-8.4195597008934e+05
-8.4188973746957e+05
-8.4208720649594e+05
-8.4208005312070e+05
-8.4189800996848e+05
-8.4186665260128e+05
-8.4189995809234e+05
-8.4192639656473e+05
-8.4196830530783e+05
-8.4201173487808e+05
-8.4202780212543e+05
-8.4221101588772e+05
-8.4215040864284e+05
-8.4200702334195e+05
-8.4195376526466e+05
-8.4199459003406e+05
-8.4193743372185e+05
-8.4192432178668e+05
-8.4190909550239e+05
-8.4204902233736e+05
-8.4199813413243e+05
-8.4186160446439e+05
-8.4186081163626e+05
-8.4178558357491e+05
-8.4175625670854e+05
-8.4179721409643e+05
-8.4188170363306e+05
-8.4188774373217e+05
-8.4204096253685e+05
-8.4188373426369e+05
-8.4198397631552e+05
-8.4180037641741e+05
-8.4183845551958e+05
-8.4186141807081e+05
-8.4164539937215e+05
-8.4173459288247e+05
-8.4176265659495e+05
-8.4178496318825e+05
-8.4174643686736e+05
-8.4178656721230e+05
-8.4181880151933e+05
-8.4185082564556e+05
-8.4165207157386e+05
-8.4193359336807e+05
-8.4179264991044e+05
-8.4186537697097e+05
-8.4196875879336e+05
-8.4178752649864e+05
-8.4189063705665e+05
-8.4196749970294e+05
-8.4205124262806e+05
-8.4206020708675e+05
-8.4184774769185e+05
-8.4175450547410e+05
-8.4175973764911e+05
-8.4195774942199e+05
-8.4189012255445e+05
-8.4188746341809e+05
-8.4210773417790e+05
-8.4195596825852e+05
-8.4180319141230e+05
-8.4187657139117e+05
-8.4200684291715e+05
-8.4205661879024e+05
-8.4194503935694e+05
-8.4204041197896e+05
-8.4203140090405e+05
-8.4207165949480e+05
-8.4204884551455e+05
