-8.4734477395224e+05
-8.4746636331812e+05
-8.4754692082379e+05
-8.4762518569255e+05
-8.4752320299969e+05
-8.4746753143669e+05
-8.4741654348581e+05
-8.4730501311047e+05
-8.4728162280167e+05
-8.4732624866580e+05
-8.4725566510215e+05
-8.4728740636062e+05
-8.4743815180610e+05
-8.4743224191019e+05
-8.4740618447207e+05
-8.4739175996278e+05
-8.4722747789922e+05
-8.4737525272194e+05
-8.4739081752358e+05
-8.4731467443184e+05
-8.4742418318591e+05
-8.4727373265205e+05
-8.4734615861930e+05
-8.4736549249419e+05
-8.4734503167850e+05
-8.4750718958000e+05
-8.4741879813641e+05
-8.4733702342325e+05
-8.4737606194268e+05
-8.4753375160365e+05
-8.4744013366909e+05
-8.4721339684811e+05
-8.4727499413216e+05
-8.4735050657154e+05
-8.4733748312044e+05
-8.4714453121938e+05
-8.4709948367534e+05
-8.4707735327168e+05
-8.4721508998951e+05
-8.4714682013261e+05
-8.4694794049361e+05
-8.4709387385231e+05
-8.4702386496968e+05
-8.4701988904164e+05
-8.4696772345029e+05
-8.4689861999943e+05
-8.4705002014304e+05
-8.4718922448105e+05
-8.4720143106770e+05
-8.4702178797682e+05
-8.4705418096658e+05
-8.4705223508552e+05
-8.4733444203315e+05
-8.4725901747415e+05
-8.4709338642966e+05
-8.4719181203076e+05
-8.4712638284419e+05
-8.4724833306195e+05
-8.4729075260220e+05
-8.4719323130462e+05
-8.4733870333701e+05
-8.4726473086106e+05
-8.4745873405588e+05
-8.4715164108327e+05
-8.4711564989375e+05
-8.4701203338220e+05
-8.4705486517084e+05
-8.4728634699221e+05
-8.4724680642798e+05
-8.4732753076801e+05
-8.4718823519381e+05
-8.4713500099312e+05
-8.4711727852024e+05
-8.4720216322028e+05
-8.4727128186774e+05
-8.4732227192166e+05
-8.4728796706736e+05
-8.4724744931772e+05
-8.4719906407409e+05
-8.4723160814812e+05
-8.4730033265739e+05
-8.4720672789963e+05
-8.4720436445515e+05
-8.4714748097459e+05
-8.4699929856117e+05
-8.4696309635551e+05
-8.4700852008590e+05
-8.4711974111432e+05
-8.4693574343003e+05
-8.4706396384943e+05
-8.4723552175689e+05
-8.4715136725713e+05
-8.4702082359057e+05
-8.4700691437149e+05
-8.4708351506298e+05
-8.4705188634364e+05
-8.4694282148975e+05
-8.4697353812443e+05
-8.4691309386753e+05
-8.4706573356063e+05
