-8.3781448067172e+05
-8.3771434906976e+05
-8.3760856588989e+05
-8.3769604340241e+05
-8.3760943206697e+05
-8.3760559636033e+05
-8.3761445982732e+05
-8.3772671308908e+05
-8.3764743336380e+05
-8.3783213892749e+05
-8.3795654451588e+05
-8.3774799783936e+05
-8.3772353923067e+05
-8.3762791936634e+05
-8.3775988498433e+05
-8.3803074663261e+05
-8.3773240326699e+05
-8.3775788935424e+05
-8.3753603663401e+05
-8.3740007853152e+05
-8.3758967168389e+05
-8.3758188667478e+05
-8.3755836430432e+05
-8.3758360954559e+05
-8.3763603104463e+05
-8.3765501027550e+05
-8.3752624777529e+05
-8.3755451293915e+05
-8.3752311305955e+05
-8.3776851496551e+05
-8.3771855910491e+05
-8.3784086872016e+05
-8.3758499068042e+05
-8.3778322727500e+05
-8.3764275539356e+05
-8.3762220224822e+05
-8.3780061188025e+05
-8.3770702034066e+05
-8.3780418222607e+05
-8.3748375294984e+05
-8.3748608164231e+05
-8.3767732340612e+05
-8.3760855958939e+05
-8.3769599182623e+05
-8.3785192059494e+05
-8.3777662401905e+05
-8.3781107755089e+05
-8.3777772904841e+05
-8.3767442402034e+05
-8.3765356030580e+05
-8.3742724245669e+05
-8.3746716136839e+05
-8.3758804920633e+05
-8.3748723083677e+05
-8.3746296573969e+05
-8.3768579228306e+05
-8.3756146715084e+05
-8.3749286090688e+05
-8.3746596234800e+05
-8.3745989060021e+05
-8.3756461330447e+05
-8.3752577039789e+05
-8.3748171425648e+05
-8.3754695548656e+05
-8.3778690222868e+05
-8.3759261127304e+05
-8.3760875640642e+05
-8.3747251185719e+05
-8.3754177193653e+05
-8.3735655949424e+05
-8.3743941197048e+05
-8.3746922319798e+05
-8.3756704568500e+05
-8.3768801311587e+05
-8.3771928434962e+05
-8.3776440290929e+05
-8.3776651166841e+05
-8.3768450409902e+05
-8.3760090054881e+05
-8.3764604403575e+05
-8.3775207553058e+05
-8.3762431128608e+05
-8.3742127958373e+05
-8.3735957135329e+05
-8.3755061983937e+05
-8.3762927005564e+05
-8.3742312738412e+05
-8.3751842963033e+05
-8.3721660421391e+05
-8.3739787084207e+05
-8.3726826398901e+05
-8.3742309240284e+05
-8.3729882859091e+05
-8.3724187512135e+05
-8.3737110211322e+05
-8.3732342527738e+05
-8.3730745938524e+05
-8.3720000300382e+05
-8.3721836114204e+05
-8.3722971035429e+05
