-8.6398857596591e+05
-8.6390562997425e+05
-8.6395054948276e+05
-8.6402270018302e+05
-8.6396165236242e+05
-8.6401306256019e+05
-8.6410182889770e+05
-8.6410419536135e+05
-8.6399277158119e+05
-8.6402260588278e+05
-8.6408755145269e+05
-8.6416819283433e+05
-8.6416001691137e+05
-8.6416196047014e+05
-8.6416536909694e+05
-8.6400046505722e+05
-8.6407635480779e+05
-8.6401624056512e+05
-8.6411105252195e+05
-8.6413714841143e+05
-8.6407945012401e+05
-8.6400775820326e+05
-8.6408927204825e+05
-8.6400591503318e+05
-8.6415957980673e+05
-8.6406855948967e+05
-8.6413388730358e+05
-8.6422333520404e+05
-8.6418476757401e+05
-8.6416888792805e+05
-8.6417684872903e+05
-8.6421566027367e+05
-8.6411716794918e+05
-8.6413870200258e+05
-8.6414815519350e+05
-8.6416543412994e+05
-8.6408190832288e+05
-8.6429629735544e+05
-8.6413938291975e+05
-8.6420561915059e+05
-8.6411744781142e+05
-8.6431951068810e+05
-8.6419900054603e+05
-8.6427807322240e+05
-8.6411316958359e+05
-8.6411655792232e+05
-8.6409637873189e+05
-8.6414365354061e+05
-8.6417829982525e+05
-8.6415237844251e+05
-8.6414168486730e+05
-8.6410906835922e+05
-8.6417784593991e+05
-8.6433412016636e+05
-8.6439065301437e+05
-8.6428490527541e+05
-8.6420428213275e+05
-8.6416843143219e+05
-8.6410125924614e+05
-8.6420124140385e+05
-8.6443578528966e+05
-8.6427819678130e+05
-8.6421231567577e+05
-8.6424430877797e+05
-8.6418502621511e+05
-8.6411719121716e+05
-8.6403912932497e+05
-8.6392834676249e+05
-8.6408304301567e+05
-8.6420592017736e+05
-8.6413395136374e+05
-8.6419043728027e+05
-8.6424054877140e+05
-8.6416235657246e+05
-8.6413632580047e+05
-8.6420776135695e+05
-8.6418064161795e+05
-8.6416013932541e+05
-8.6410068928569e+05
-8.6395657237890e+05
-8.6393193658932e+05
-8.6402973013105e+05
-8.6413757383287e+05
-8.6401808813170e+05
-8.6391261215444e+05
-8.6392386955146e+05
-8.6395344257173e+05
-8.6391879722383e+05
-8.6399717799274e+05
-8.6390561403211e+05
-8.6402417741069e+05
-8.6402693598189e+05
-8.6403026851121e+05
-8.6405436948577e+05
-8.6403901752496e+05
-8.6412235339200e+05
-8.6399153779515e+05
-8.6402223055993e+05
-8.6406678597064e+05
-8.6395578808251e+05
