-8.4676994035457e+05
-8.4682960885756e+05
-8.4676682610221e+05
-8.4667929141353e+05
-8.4650224889556e+05
-8.4649154097030e+05
-8.4650557318192e+05
-8.4662021124813e+05
-8.4674013972445e+05
-8.4676068173398e+05
-8.4683695353783e+05
-8.4688117822300e+05
-8.4690779832556e+05
-8.4690309127199e+05
-8.4687841943973e+05
-8.4684355556282e+05
-8.4685692786677e+05
-8.4705784846917e+05
-8.4690718307540e+05
-8.4711341459321e+05
-8.4693557065279e+05
-8.4699633563595e+05
-8.4689663927655e+05
-8.4695513707212e+05
-8.4700703622292e+05
-8.4693801358376e+05
-8.4699952003282e+05
-8.4694735228256e+05
-8.4699403172765e+05
-8.4705831831695e+05
-8.4704918100437e+05
-8.4696923462648e+05
-8.4713832344074e+05
-8.4710194822282e+05
-8.4696943400042e+05
-8.4719617602318e+05
-8.4694562318236e+05
-8.4710126019829e+05
-8.4712389070117e+05
-8.4702314828802e+05
-8.4677758149159e+05
-8.4693783977466e+05
-8.4695497206139e+05
-8.4702221242013e+05
-8.4691756048592e+05
-8.4693790056109e+05
-8.4687584287230e+05
-8.4700291992966e+05
-8.4688411865402e+05
-8.4670878206863e+05
-8.4684097746470e+05
-8.4682294856742e+05
-8.4683321248180e+05
-8.4688343024653e+05
-8.4694020645050e+05
-8.4707424034184e+05
-8.4700388984586e+05
-8.4698652875466e+05
-8.4700707056694e+05
-8.4685411741803e+05
-8.4683934859418e+05
-8.4674420055513e+05
-8.4680194323023e+05
-8.4687045807974e+05
-8.4673016117819e+05
-8.4689475265303e+05
-8.4696223812688e+05
-8.4691920900357e+05
-8.4705418485641e+05
-8.4677748831497e+05
-8.4672361121807e+05
-8.4660791983350e+05
-8.4665744805622e+05
-8.4673325300124e+05
-8.4682630541241e+05
-8.4677326614535e+05
-8.4673381975261e+05
-8.4673700132886e+05
-8.4686070009734e+05
-8.4678674188413e+05
-8.4692394711970e+05
-8.4700704695862e+05
-8.4691638295793e+05
-8.4701801900862e+05
-8.4705401622947e+05
-8.4698157726657e+05
-8.4707085244719e+05
-8.4706054140207e+05
-8.4698575706782e+05
-8.4688597554717e+05
-8.4671878935236e+05
-8.4677336871511e+05
-8.4671499499260e+05
-8.4675144024268e+05
-8.4692369256226e+05
-8.4681147001083e+05
-8.4671242165128e+05
-8.4694142096428e+05
-8.4693978246045e+05
-8.4688840101733e+05
