-8.4194311877411e+05
-8.4205259953371e+05
-8.4200118755472e+05
-8.4207851189804e+05
-8.4199042793166e+05
-8.4194565969309e+05
-8.4189507057106e+05
-8.4197582271266e+05
-8.4187715066616e+05
-8.4194714829173e+05
-8.4192123675926e+05
-8.4200212444409e+05
-8.4192351174850e+05
-8.4187195708408e+05
-8.4200419735580e+05
-8.4204633554173e+05
-8.4202409077844e+05
-8.4197909380380e+05
-8.4190984125765e+05
-8.4200359054250e+05
-8.4193455872570e+05
-8.4200733577471e+05
-8.4201150751882e+05
-8.4194728348025e+05
-8.4203300511443e+05
-8.4183498977033e+05
-8.4177299637750e+05
-8.4173107340499e+05
-8.4196223626719e+05
-8.4195291552435e+05
-8.4181809826192e+05
-8.4180067620175e+05
-8.4185401411887e+05
-8.4187508453993e+05
-8.4193219774520e+05
-8.4190578681751e+05
-8.4185332950676e+05
-8.4177013227580e+05
-8.4183596887670e+05
-8.4190132006489e+05
-8.4186848032063e+05
-8.4190920088977e+05
-8.4190249939037e+05
-8.4185748784910e+05
-8.4192219383850e+05
-8.4182497236045e+05
-8.4188161417679e+05
-8.4198786930101e+05
-8.4199401747647e+05
-8.4202137615218e+05
-8.4186601859002e+05
-8.4193694401488e+05
-8.4185843936940e+05
-8.4184484318749e+05
-8.4191543240783e+05
-8.4185554867613e+05
-8.4191926662970e+05
-8.4184302133288e+05
-8.4184255071181e+05
-8.4186422064523e+05
-8.4193837791692e+05
-8.4186739368782e+05
-8.4188106167031e+05
-8.4171239307891e+05
-8.4175975627480e+05
-8.4178956238871e+05
-8.4182013320223e+05
-8.4176747532854e+05
-8.4182770047957e+05
-8.4178549801821e+05
-8.4166983516086e+05
-8.4175681881810e+05
-8.4180554274405e+05
-8.4168010817209e+05
-8.4183000793942e+05
-8.4172416767059e+05
-8.4172884093743e+05
-8.4165080749084e+05
-8.4167287314793e+05
-8.4166986135489e+05
-8.4164825255602e+05
-8.4173993080162e+05
-8.4166687007116e+05
-8.4171116539414e+05
-8.4179549369619e+05
-8.4177245067321e+05
-8.4171848867316e+05
-8.4170404173050e+05
-8.4169945579113e+05
-8.4182271087659e+05
-8.4182708019752e+05
-8.4181877756125e+05
-8.4175581172229e+05
-8.4175856937647e+05
-8.4178377170359e+05
-8.4165312736263e+05
-8.4162383402369e+05
-8.4171886541956e+05
-8.4182717779827e+05
-8.4180800931760e+05
