-8.5137226326820e+05
-8.5125631781997e+05
-8.5126834075971e+05
-8.5121387990006e+05
-8.5123127614516e+05
-8.5124318531863e+05
-8.5133573502416e+05
-8.5128089912788e+05
-8.5125333059132e+05
-8.5138878935641e+05
-8.5135360119820e+05
-8.5134675222783e+05
-8.5132419823347e+05
-8.5138009690422e+05
-8.5131407549862e+05
-8.5116132538192e+05
-8.5117735464557e+05
-8.5134012622085e+05
-8.5116491061986e+05
-8.5133969880559e+05
-8.5121687257692e+05
-8.5106099141605e+05
-8.5107085250318e+05
-8.5101719497767e+05
-8.5112445929149e+05
-8.5115033964448e+05
-8.5119918160663e+05
-8.5123183591196e+05
-8.5121228570578e+05
-8.5123318044254e+05
-8.5115124503556e+05
-8.5110902682552e+05
-8.5125300231688e+05
-8.5116921739147e+05
-8.5110860274802e+05
-8.5120604525161e+05
-8.5118505391605e+05
-8.5107937047938e+05
-8.5132210974651e+05
-8.5115249962195e+05
-8.5121851661121e+05
-8.5128103045220e+05
-8.5135958153664e+05
-8.5133039326012e+05
-8.5127725122979e+05
-8.5126653306285e+05
-8.5130344333567e+05
-8.5141899779871e+05
-8.5134083875178e+05
-8.5124131764007e+05
-8.5122592520014e+05
-8.5138995212069e+05
-8.5123980856127e+05
-8.5129176481496e+05
-8.5124930254549e+05
-8.5123166512637e+05
-8.5117609547677e+05
-8.5115572135403e+05
-8.5108500322124e+05
-8.5118057489555e+05
-8.5108161041266e+05
-8.5122394762608e+05
-8.5122106005415e+05
-8.5112485461888e+05
-8.5098946166391e+05
-8.5108105014423e+05
-8.5108472350850e+05
-8.5112285956308e+05
-8.5115093614485e+05
-8.5110003994354e+05
-8.5128903434319e+05
-8.5128395844245e+05
-8.5140434142993e+05
-8.5141089714114e+05
-8.5146632672215e+05
-8.5144344017707e+05
-8.5158052795121e+05
-8.5134421682634e+05
-8.5128449028139e+05
-8.5124715684080e+05
-8.5123735720988e+05
-8.5124469763477e+05
-8.5127808877480e+05
-8.5124167099223e+05
-8.5133832336995e+05
-8.5115297092452e+05
-8.5124891166130e+05
-8.5132571995624e+05
-8.5133411340497e+05
-8.5118500841611e+05
-8.5132604344712e+05
-8.5118163904958e+05
-8.5124834051900e+05
-8.5119811285710e+05
-8.5124539998577e+05
-8.5140273851316e+05
-8.5134519222463e+05
-8.5134014603917e+05
-8.5119848407752e+05
-8.5128896332630e+05
