-8.3144862466607e+05
-8.3157838255973e+05
-8.3134057315776e+05
-8.3164011121081e+05
-8.3155706486707e+05
-8.3161293323745e+05
-8.3151123114158e+05
-8.3146757815010e+05
-8.3133218223199e+05
-8.3147703217172e+05
-8.3161843511934e+05
-8.3162010921479e+05
-8.3183192988260e+05
-8.3174453735611e+05
-8.3167111528426e+05
-8.3154783826787e+05
-8.3161327788520e+05
-8.3154983844285e+05
-8.3130109642119e+05
-8.3133561335063e+05
-8.3149457007553e+05
-8.3147522144840e+05
-8.3155558273144e+05
-8.3166102947006e+05
-8.3161949564484e+05
-8.3141323677176e+05
-8.3157703298351e+05
-8.3138562149478e+05
-8.3134007669374e+05
-8.3143261191787e+05
-8.3140824922814e+05
-8.3125323676461e+05
-8.3116428744877e+05
-8.3130777185678e+05
-8.3161993231639e+05
-8.3140596581293e+05
-8.3131377463115e+05
-8.3150991465105e+05
-8.3153791779820e+05
-8.3129750109705e+05
-8.3141542371255e+05
-8.3147740445896e+05
-8.3128749156571e+05
-8.3142857554618e+05
-8.3157172665209e+05
-8.3166075039067e+05
-8.3158583356940e+05
-8.3155886950191e+05
-8.3152521163722e+05
-8.3151910474400e+05
-8.3174841588720e+05
-8.3183202102730e+05
-8.3178175840223e+05
-8.3185719140335e+05
-8.3187039237415e+05
-8.3176126594242e+05
-8.3172684568128e+05
-8.3183114512245e+05
-8.3194444434214e+05
-8.3199644735714e+05
-8.3175400055779e+05
-8.3171058372601e+05
-8.3174239975612e+05
-8.3168484297371e+05
-8.3167827626730e+05
-8.3169829185789e+05
-8.3160786585047e+05
-8.3161821591768e+05
-8.3177896137226e+05
-8.3154610175472e+05
-8.3153926740691e+05
-8.3163467462263e+05
-8.3149173563193e+05
-8.3166514493124e+05
-8.3139771271277e+05
-8.3154313435604e+05
-8.3164217655086e+05
-8.3157701709990e+05
-8.3158648575742e+05
-8.3172312485180e+05
-8.3180656924089e+05
-8.3192101797457e+05
-8.3175695892979e+05
-8.3181355996404e+05
-8.3178917252030e+05
-8.3193096298152e+05
-8.3179438070363e+05
-8.3178138667120e+05
-8.3177748276495e+05
-8.3171123687051e+05
-8.3168450269871e+05
-8.3170890336829e+05
-8.3173359706776e+05
-8.3192977681290e+05
-8.3161720258394e+05
-8.3185820624305e+05
-8.3160663834055e+05
-8.3162575530955e+05
-8.3172540377291e+05
-8.3155638499049e+05
