-8.4024389365894e+05
-8.4020938997084e+05
-8.4028649097563e+05
-8.4028204057153e+05
-8.4021225768446e+05
-8.4018148193717e+05
-8.4021200493729e+05
-8.4021528325655e+05
-8.4021880625387e+05
-8.4025773875886e+05
-8.4021066081003e+05
-8.4020468109422e+05
-8.4026255064062e+05
-8.4018249273454e+05
-8.4030042687454e+05
-8.4035984049022e+05
-8.4038050559757e+05
-8.4039776483470e+05
-8.4047805590491e+05
-8.4035173788654e+05
-8.4034633982914e+05
-8.4046446549246e+05
-8.4053478514145e+05
-8.4034086767768e+05
-8.4048407047937e+05
-8.4045053434878e+05
-8.4053751784706e+05
-8.4047922380361e+05
-8.4045863761605e+05
-8.4042136055907e+05
-8.4054321755372e+05
-8.4050626847369e+05
-8.4050902267737e+05
-8.4052861114094e+05
-8.4047327114199e+05
-8.4057737602818e+05
-8.4050604942379e+05
-8.4051423803059e+05
-8.4052089417466e+05
-8.4061110249890e+05
-8.4049064533577e+05
-8.4047013600282e+05
-8.4056359520439e+05
-8.4062524318236e+05
-8.4053637803740e+05
-8.4049684766957e+05
-8.4049347247200e+05
-8.4055579474441e+05
-8.4051319146164e+05
-8.4052462160112e+05
-8.4045372820035e+05
-8.4042832552548e+05
-8.4049776143950e+05
-8.4061553877404e+05
-8.4064122444455e+05
-8.4059790821577e+05
-8.4051420159376e+05
-8.4065186505322e+05
-8.4055156617200e+05
-8.4051851959571e+05
-8.4048327239236e+05
-8.4049527630568e+05
-8.4053896383271e+05
-8.4057306270955e+05
-8.4057125675903e+05
-8.4059781128204e+05
-8.4055712935767e+05
-8.4059637831042e+05
-8.4058092162026e+05
-8.4061815562576e+05
-8.4062978714177e+05
-8.4067136358953e+05
-8.4049799864479e+05
-8.4072859304841e+05
-8.4078544529550e+05
-8.4080001571121e+05
-8.4083867436957e+05
-8.4077183924848e+05
-8.4086236467423e+05
-8.4069551014394e+05
-8.4075986148468e+05
-8.4073117434084e+05
-8.4075389097684e+05
-8.4078214441772e+05
-8.4075356530181e+05
-8.4078801885772e+05
-8.4081045968762e+05
-8.4080989530426e+05
-8.4067892513256e+05
-8.4063196889049e+05
-8.4067141041958e+05
-8.4075412131239e+05
-8.4068226939202e+05
-8.4085261561195e+05
-8.4086097288278e+05
-8.4092616215582e+05
-8.4083938985086e+05
-8.4093690056830e+05
-8.4098457675808e+05
-8.4086901626072e+05
