-8.3238259817787e+05
-8.3230927883049e+05
-8.3236926046905e+05
-8.3254809299461e+05
-8.3250755021010e+05
-8.3254282813611e+05
-8.3246310589363e+05
-8.3249479591130e+05
-8.3254317515565e+05
-8.3264667540122e+05
-8.3272922866214e+05
-8.3260490965417e+05
-8.3252748220923e+05
-8.3259313508683e+05
-8.3253739678426e+05
-8.3258261829552e+05
-8.3267876172649e+05
-8.3266395784752e+05
-8.3273416406786e+05
-8.3272528686158e+05
-8.3285444432515e+05
-8.3274784424826e+05
-8.3256624303461e+05
-8.3261205856385e+05
-8.3252108272791e+05
-8.3242105566641e+05
-8.3251476570203e+05
-8.3268122259562e+05
-8.3278514423883e+05
-8.3273948255195e+05
-8.3280107731342e+05
-8.3269330972290e+05
-8.3264229527692e+05
-8.3270749417136e+05
-8.3276458029564e+05
-8.3260142091447e+05
-8.3261966731232e+05
-8.3257239375331e+05
-8.3269401412299e+05
-8.3258474410446e+05
-8.3260816732923e+05
-8.3266147247322e+05
-8.3265086364777e+05
-8.3270885393441e+05
-8.3262209110054e+05
-8.3241760019686e+05
-8.3249497674622e+05
-8.3261575309536e+05
-8.3263488308425e+05
-8.3280452399429e+05
-8.3251782432490e+05
-8.3262901613128e+05
-8.3252934861566e+05
-8.3250730574282e+05
-8.3275679721302e+05
-8.3273357724004e+05
-8.3256882243286e+05
-8.3261261002298e+05
-8.3257771715893e+05
-8.3264541595200e+05
-8.3269293062233e+05
-8.3266643469758e+05
-8.3272138496410e+05
-8.3277097206510e+05
-8.3271945325496e+05
-8.3266895143675e+05
-8.3261850442009e+05
-8.3254803968588e+05
-8.3248740775221e+05
-8.3270688073605e+05
-8.3273255134090e+05
-8.3272909308946e+05
-8.3276070297086e+05
-8.3275318196402e+05
-8.3298902523894e+05
-8.3300479999271e+05
-8.3268302728091e+05
-8.3267633203988e+05
-8.3270043593199e+05
-8.3261939579413e+05
-8.3271923765454e+05
-8.3263541236485e+05
-8.3246135956066e+05
-8.3246940685913e+05
-8.3259177026989e+05
-8.3252217174314e+05
-8.3259284800966e+05
-8.3272758347636e+05
-8.3263667324447e+05
-8.3261338449021e+05
-8.3265736724699e+05
-8.3267647398372e+05
-8.3268232745780e+05
-8.3261917738476e+05
-8.3249738331174e+05
-8.3243497270861e+05
-8.3273201811849e+05
-8.3252094728399e+05
-8.3269199673650e+05
-8.3267131695301e+05
