-8.3847767694245e+05
-8.3845592584415e+05
-8.3868347139501e+05
-8.3874378495286e+05
-8.3865065925939e+05
-8.3856577961867e+05
-8.3864733910958e+05
-8.3838944005820e+05
-8.3837935929625e+05
-8.3844957207108e+05
-8.3829944724703e+05
-8.3844749846743e+05
-8.3849222575546e+05
-8.3864252393138e+05
-8.3847666860940e+05
-8.3852381237532e+05
-8.3858062590370e+05
-8.3835370430898e+05
-8.3840687681532e+05
-8.3830921985948e+05
-8.3838758702864e+05
-8.3827932142920e+05
-8.3844297648748e+05
-8.3830226214922e+05
-8.3855671618454e+05
-8.3842173125380e+05
-8.3842462615621e+05
-8.3843244146190e+05
-8.3836370408738e+05
-8.3846000677576e+05
-8.3840306526983e+05
-8.3843380935694e+05
-8.3828151697758e+05
-8.3844610163110e+05
-8.3858579953694e+05
-8.3859547620369e+05
-8.3860727321814e+05
-8.3847111674453e+05
-8.3843979764824e+05
-8.3862216793223e+05
-8.3867739627647e+05
-8.3845947020084e+05
-8.3862497448556e+05
-8.3857579303658e+05
-8.3854127440580e+05
-8.3862836689614e+05
-8.3859672683405e+05
-8.3879797769258e+05
-8.3878413073078e+05
-8.3882704346007e+05
-8.3883001492598e+05
-8.3857338807614e+05
-8.3861675461577e+05
-8.3855174349056e+05
-8.3859378252101e+05
-8.3844075679424e+05
-8.3845215673045e+05
-8.3853814484399e+05
-8.3850673578379e+05
-8.3857212682345e+05
-8.3858674735765e+05
-8.3866916587838e+05
-8.3848121236861e+05
-8.3850910452271e+05
-8.3861231336046e+05
-8.3861274752419e+05
-8.3850681242830e+05
-8.3868034409409e+05
-8.3843089820800e+05
-8.3860451550733e+05
-8.3853945694644e+05
-8.3865375808057e+05
-8.3855403579797e+05
-8.3853343277616e+05
-8.3863400314221e+05
-8.3851736467191e+05
-8.3862763436381e+05
-8.3858498890899e+05
-8.3835760081581e+05
-8.3850744645520e+05
-8.3849274284549e+05
-8.3852386784733e+05
-8.3863939453355e+05
-8.3867160576624e+05
-8.3866872241564e+05
-8.3873781070950e+05
-8.3879717020693e+05
-8.3893115924113e+05
-8.3876974621958e+05
-8.3877259392178e+05
-8.3862723757339e+05
-8.3871733857382e+05
-8.3895453060399e+05
-8.3886764692835e+05
-8.3888207166996e+05
-8.3872600548409e+05
-8.3863735758049e+05
-8.3850387400851e+05
-8.3841154042644e+05
-8.3836593185068e+05
