-8.2729085340815e+05
-8.2728033528748e+05
-8.2728751950803e+05
-8.2736840275821e+05
-8.2727681931389e+05
-8.2730861084375e+05
-8.2740313573543e+05
-8.2718974416170e+05
-8.2748488242870e+05
-8.2758288046139e+05
-8.2745624168405e+05
-8.2761074827519e+05
-8.2746026245112e+05
-8.2758396285479e+05
-8.2761867896459e+05
-8.2778170747312e+05
-8.2758471861188e+05
-8.2724224378246e+05
-8.2748687543083e+05
-8.2730620618428e+05
-8.2735656269943e+05
-8.2738599971300e+05
-8.2750419289733e+05
-8.2745462015287e+05
-8.2749931733217e+05
-8.2736833090067e+05
-8.2750021466642e+05
-8.2759235703471e+05
-8.2768847882139e+05
-8.2763821605033e+05
-8.2766029253951e+05
-8.2760397795832e+05
-8.2778737076629e+05
-8.2758886247985e+05
-8.2755182044263e+05
-8.2745148642204e+05
-8.2735268149862e+05
-8.2723863174198e+05
-8.2730618609191e+05
-8.2741081449478e+05
-8.2728826096391e+05
-8.2753091275752e+05
-8.2744107969093e+05
-8.2742455454022e+05
-8.2756783544365e+05
-8.2755088553186e+05
-8.2745480321768e+05
-8.2744607146739e+05
-8.2728782449488e+05
-8.2739847884362e+05
-8.2749347589677e+05
-8.2733541108229e+05
-8.2759493506734e+05
-8.2735449883157e+05
-8.2735298278277e+05
-8.2728618618632e+05
-8.2722812260280e+05
-8.2743350585936e+05
-8.2749483630467e+05
-8.2759412213974e+05
-8.2742284399211e+05
-8.2766499115036e+05
-8.2756562366455e+05
-8.2769999464446e+05
-8.2768313602582e+05
-8.2772561564408e+05
-8.2762310351617e+05
-8.2771517931083e+05
-8.2741870912031e+05
-8.2724407658569e+05
-8.2744594552091e+05
-8.2727145300356e+05
-8.2737787830416e+05
-8.2723589244843e+05
-8.2726766175627e+05
-8.2725603700163e+05
-8.2741917027513e+05
-8.2749352126713e+05
-8.2732622656559e+05
-8.2741439179515e+05
-8.2721165258777e+05
-8.2731753372475e+05
-8.2739983961148e+05
-8.2748061689087e+05
-8.2718367810877e+05
-8.2729210482776e+05
-8.2743518969640e+05
-8.2728845533104e+05
-8.2729908032789e+05
-8.2748308650761e+05
-8.2740304902197e+05
-8.2757320765014e+05
-8.2779691359205e+05
-8.2767652370139e+05
-8.2746069435057e+05
-8.2758792785468e+05
-8.2759832403131e+05
-8.2756455424464e+05
-8.2745255929857e+05
-8.2749298916914e+05
