-8.9877496582894e+05
-8.9878027284351e+05
-8.9868807431345e+05
-8.9860908409178e+05
-8.9856052774189e+05
-8.9858081528087e+05
-8.9864916470638e+05
-8.9854900990673e+05
-8.9846745825725e+05
-8.9846606244237e+05
-8.9847982825482e+05
-8.9848256084391e+05
-8.9847703122461e+05
-8.9854749622344e+05
-8.9857111458302e+05
-8.9853102442561e+05
-8.9850122187243e+05
-8.9849462572681e+05
-8.9855414753024e+05
-8.9860103038504e+05
-8.9853283543602e+05
-8.9849716551242e+05
-8.9855664456189e+05
-8.9857502721180e+05
-8.9849457164257e+05
-8.9858032240736e+05
-8.9854575525561e+05
-8.9853721047390e+05
-8.9860177502921e+05
-8.9849439461023e+05
-8.9859367904560e+05
-8.9858588505838e+05
-8.9862205423654e+05
-8.9872488844052e+05
-8.9863220884503e+05
-8.9868590139042e+05
-8.9865087934136e+05
-8.9867663575312e+05
-8.9861459768893e+05
-8.9866311959986e+05
-8.9869829043440e+05
-8.9867783526747e+05
-8.9861425388251e+05
-8.9861570385277e+05
-8.9850666545376e+05
-8.9853569660167e+05
-8.9840345428645e+05
-8.9858347838675e+05
-8.9860191889862e+05
-8.9872205443224e+05
-8.9871390835911e+05
-8.9874091620390e+05
-8.9859966866748e+05
-8.9857916815805e+05
-8.9862852309823e+05
-8.9869077105545e+05
-8.9859705011832e+05
-8.9864114632181e+05
-8.9855230388446e+05
-8.9846564593959e+05
-8.9852816478894e+05
-8.9857630083628e+05
-8.9867966411794e+05
-8.9858122658983e+05
-8.9870211072460e+05
-8.9862076822591e+05
-8.9856109847594e+05
-8.9857171115496e+05
-8.9860090350736e+05
-8.9852783519294e+05
-8.9849164499258e+05
-8.9854984083241e+05
-8.9850967620109e+05
-8.9848890658909e+05
-8.9837738627335e+05
-8.9834608001982e+05
-8.9843852460679e+05
-8.9845428101164e+05
-8.9833946329758e+05
-8.9841971799310e+05
-8.9847874562839e+05
-8.9836360042813e+05
-8.9835721341071e+05
-8.9833664556465e+05
-8.9832394160942e+05
-8.9838029600348e+05
-8.9838452261440e+05
-8.9832438695718e+05
-8.9849045701050e+05
-8.9853121546391e+05
-8.9857696255516e+05
-8.9850683978832e+05
-8.9843022471631e+05
-8.9848251518293e+05
-8.9854733987017e+05
-8.9857505306970e+05
-8.9850569390462e+05
-8.9857441858882e+05
-8.9853668963628e+05
-8.9844102207842e+05
