-839402.2085066796
-839424.0349576868
-839485.5815180609
-839445.8140435973
-839396.8618992537
-839425.1763643682
-839544.5666622953
-839494.0258836745
-839580.0151387498
-839537.3070019973
-839366.7929154901
-839432.1736855992
-839374.4729842441
-839353.561449501
-839479.7400138726
-839330.6193803384
-839535.7109368502
-839317.0642982455
-839425.3491914977
-839584.713063748
-839446.789039942
-839436.5149782808
-839429.7746719171
-839492.5723012646
-839540.1221399151
-839823.5999693129
-839668.0974080161
-839562.7046247559
-839512.2890018413
-839554.7292943881
-839565.2207036647
-839628.8282828509
-839658.8546199421
-839666.1424988149
-839757.5471224504
-839669.2991751406
-839880.8645357072
-839746.5860567713
-839725.5116011058
-839662.3542875899
-839671.0130161233
-839572.3460101412
-839525.889828762
-839490.0329975422
-839355.5170128173
-839391.9860220561
-839441.5530814187
-839339.2718210358
-839436.2760708767
-839619.7614203498
-839548.5398203676
-839498.3683879767
-839431.2795655612
-839543.1624370357
-839570.5409624116
-839629.7795369399
-839619.3779471109
-839544.8849843624
-839476.8196543158
-839417.5639025928
-839606.6042897931
-839669.1578691526
-839603.061167962
-839628.7104409675
-839337.3744092692
-839397.1766652418
-839512.0181434118
-839350.3992352786
-839338.3046187635
-839451.6870438908
-839387.5367109939
-839301.9841899867
-839408.1324368233
-839413.8325092609
-839436.5178101831
-839309.6967951562
-839347.4590947402
-839443.7647995256
-839458.6634480886
-839474.960741579
-839518.5276363757
-839495.6534373466
-839441.3236351394
-839393.6642780249
-839467.304171945
-839487.6968082369
-839473.526604736
-839347.6933670727
-839421.888055224
-839472.6143098794
-839338.0169045815
-839323.6713996395
-839246.0564803082
-839287.2464710885
-839344.4869566906
-839290.9517643629
-839359.2626458374
-839187.0823645443
-839232.9583240113
-839284.7040736479
