-906586.2406234163
-898664.553096317
-892853.1764353486
-888607.1329518616
-885500.6085902555
-882997.7190806101
-881114.3168382
-879471.4292684218
-877632.6629262104
-876129.2576129173
-874978.9810919018
-873797.9923783209
-872644.1535071126
-871797.7361348494
-870797.827581285
-869773.5381561887
-868937.556281325
-868200.8334343462
-867346.4618738485
-866682.2351282611
-865992.7416777767
-865470.7570334788
-864959.8334556792
-864422.6031342654
-863992.406659958
-863424.7322591625
-862883.8298228502
-862461.9945252301
-861974.3887631398
-861566.2324326872
-861172.0671645323
-861025.3752667934
-860602.8314782298
-860195.4988840898
-859886.1993576465
-859545.7180204712
-859115.9811495987
-858804.2237396014
-858399.2474048198
-858125.5487257093
-857818.3852663621
-857509.3738935068
-857327.7746929317
-857176.3948881273
-856980.7709014568
-856649.429479387
-856415.7627154487
-856109.2969803961
-855830.9293694611
-855606.7136993703
-855331.4966450193
-855208.3530432447
-855072.4627984607
-854954.4268861535
-854641.2171739336
-854291.8611804225
-854105.7561163402
-854049.1465766183
-853767.5520149174
-853583.3981193395
-853426.3213826257
-853328.8893717382
-853141.2033576622
-853124.3601692432
-852926.4927967312
-852778.0838130075
-852609.5148007715
-852428.524717287
-852079.3182838614
-852061.7845796766
-851814.9060509762
-851660.145075189
-851508.2383953569
-851479.7618770172
-851413.6569820093
-851244.304545476
-851081.0285556011
-850831.170809617
-850624.7763781293
-850478.1030044653
-850255.2446507306
-850217.3844218776
-850164.0246884399
-850141.9990589577
-849929.1877410233
-849809.3933946284
-849708.7133892868
-849568.3022301187
-849296.5278943818
-849306.5514012165
-849111.0549503266
-848968.0315816147
-848866.231546876
-848688.9993188734
-848566.2229206241
-848592.6655662983
-848430.7385118196
-848552.2081393508
-848372.7156915652
-848258.9453183572
-848096.4059627617
-848070.0657722966
-848082.9123282735
-847929.5403206792
-847863.1774430812
-847919.4304810968
-847797.304092494
-847685.4364138803
-847639.9270150622
-847527.6285531922
-847338.6092226917
-847402.7199439935
-847429.5715900228
-847274.0696582282
-847007.245756931
-846909.3341076092
-846942.0979275538
-846853.9500912265
-846841.1318414286
-846709.3323723376
-846876.7745078733
-846685.3097504826
-846670.9421853811
-846643.504287572
-846586.5035996486
-846487.9667928464
-846464.4393088468
-846288.0052771623
-846221.7502201125
-846276.5343615205
-846140.7570253981
-845939.5853967026
-846094.3323586113
-845705.5036860463
-845777.9133483171
-845737.8341062682
-845595.5446732679
-845737.2461025814
-845800.9126657806
-845697.952469445
-845673.6241982467
-845506.7604222256
-845512.5234165785
-845341.2811221816
-845287.9575738291
-845290.1289700302
-845250.2054397166
-845216.2809678281
-845181.2329719558
-845218.8480216846
-845203.0234598432
-845126.1927953309
-845182.3934100352
-845064.4984308786
-845121.0079188701
-845047.8165720204
-845229.5888528464
-845055.0225194616
-845151.4783428293
-844894.5615880954
-844871.571610577
-844883.4132875201
-844857.7231275717
-844744.2797688665
-844756.1517706697
-844797.8577041808
-844598.068510139
-844592.9121313135
-844563.4534285419
-844576.9072005627
-844567.8030141485
-844439.4804897716
-844477.5350538167
-844568.9946388935
-844561.5878260861
-844524.080111902
-844615.1411118752
-844660.8127795426
-844578.790216739
-844254.8744435208
-844347.5359467575
-844443.6646490465
-844294.4132143295
-844292.7937316452
-844367.6758774598
-844255.848380201
-844175.8597659443
-844238.5786160452
-844068.0627346894
-844070.7910655605
-844083.6110316317
-844018.2748422923
-843890.1308068732
-843859.0008819129
-844050.9354244381
-843925.2105552654
-843835.6256264963
-843682.6032065247
-843829.0590804334
-843822.6100033654
-843647.0335901312
-843663.0361768316
-843651.9683066362
-843706.4743646212
-843589.9651620067
-843646.732269729
-843642.0751579246
-843535.399360932
-843463.517738608
-843544.903286177
-843411.8140350365
-843487.5806849527
-843539.1095628382
-843475.5114628052
-843483.0927708974
-843461.5089674243
-843386.4909457521
-843341.6989694937
-843291.9423618503
-843204.553102813
-842983.6028099927
-842908.3427435457
-842976.9935631019
-843011.2294105986
-843021.8760763081
-843075.9566206991
-842983.8758449823
-843005.1070274537
-843040.532873947
-842984.5579514588
-842926.8292720609
-842919.3988815082
-842920.6152308179
-842836.9910085058
-842912.9977885962
-842932.6464777377
-842882.774718152
-842839.1215478787
-842835.6059296629
-842980.3904432766
-842876.6120190168
-842880.3146886668
-842936.2637790847
-842951.4341913477
-843050.8950392711
-842934.0586935332
-842872.1942702173
-842795.5080490998
-842726.5059468879
-842669.4148252786
-842664.2333078012
-842730.1797508716
-842709.4608307246
-842718.3262916072
-842641.012561838
-842558.6999831566
-842591.1219776043
-842618.7542530668
-842686.0189386173
-842667.3056849183
-842603.8876142388
-842577.6610760024
-842622.4855349599
-842728.6621533418
-842562.2219633186
-842622.0542918523
-842562.8484251789
-842389.1690648913
-842598.115666003
-842610.1512404955
-842471.174962951
-842465.0591049691
-842427.6489222285
-842313.8742263254
-842183.4401095038
-842370.7887764064
-842467.4143604445
-842331.0697369635
-842412.8746306993
-842360.9437209781
-842578.7678314499
-842392.8724834013
-842435.6345796057
-842428.2446530877
-842427.0344201599
-842424.5040780614
-842388.0554122258
-842442.7473434673
-842357.038123376
-842211.4658390373
-842289.3106319064
-842438.1331423888
-842377.009534448
-842385.4015244277
-842511.13105439
-842261.7188811335
-842184.4256617734
-842146.3915386997
-842066.730462385
-842172.5056657958
-842251.7600536215
-842263.6480466134
-842165.586641756
-842150.0314342323
-842259.630357573
-842131.9906772503
-842239.0571313718
-842182.0924821289
-842144.8956954384
-842198.5368307385
-842339.0269916498
-842310.3814629772
-842078.4882560916
-842073.4179703605
-842267.6993960565
-842129.0922208499
-842137.1679104925
-842214.415401068
-842162.6409040253
-842028.7482148978
-842117.8310799878
-842216.6815088298
-842141.827544738
-842017.0950361472
-842119.9337463242
-842031.4733165533
-842167.7009855113
-842205.275611901
-842333.1957833526
-842213.0553051583
-842200.0320397444
-842210.7542229947
-842019.5087993153
-842120.0262432998
-842119.8777426566
-842153.2465185486
-841939.5304963852
-842094.0195158019
-842156.0043778137
-842133.4725361003
-841879.2892840717
-841967.3605095964
-842119.8681076042
-842090.2087323025
-842124.2847259039
-841848.3883557298
-842016.4683745969
-841844.8809622745
-841790.9566943782
-841840.4523723277
-841816.7354953592
-841834.2769885234
-841750.1372655999
-841696.3317111459
-841631.3912832607
-841641.100918189
-841624.0554303145
-841694.4496468893
-841618.9698364781
-841689.5892873228
-841760.5319097465
-841762.173600687
-841654.9278027869
-841697.6389054542
-841776.242453739
-841602.9689494574
-841531.9897102929
-841431.5196963354
-841567.7464223342
-841537.6872190061
-841550.3705700682
-841598.1916535206
-841539.2567813554
-841556.756503537
-841450.5451984924
-841405.5843314157
-841588.2736171061
-841470.5528427856
-841257.5844908108
-841338.0495991247
-841486.0936161446
-841381.0295979707
-841292.4451868422
-841199.2615773448
-841281.3179336207
-841223.2169086869
-841183.4636327638
-841174.5211275254
-841164.7891896035
-841193.2895237248
-841381.7666881327
-841253.2672489187
-841169.4245317405
-841137.6416145713
-841232.9014946781
-841183.0686984138
-841084.5877799359
-841177.9300983853
-841207.3293747945
-841053.014119473
-841027.4190968565
-841064.5067897275
-841122.1465894232
-841034.3931959451
-841120.6519309761
-841121.1100201806
-841222.6519357226
-841350.1741335018
-841325.0312327489
-841432.1516200225
-841401.4670842153
-841331.5673674922
-841163.0831141934
-840940.455577952
-841133.6542209763
-841120.0412405594
-841128.7411360707
-840976.5337204878
-841066.6879437617
-841090.0644534584
-840999.0823340602
-841160.4230924129
-841046.1166538702
-841153.4411824447
-841095.6232528258
-841113.1367563388
-841007.1077903244
-840919.4724396117
-840761.8280424447
-840867.7898542776
-841100.6680344014
-841156.3884814978
-841209.866480161
-841127.1289510372
-841133.441259694
-841156.9373661829
-841083.71267787
-841116.9962360838
-841007.9384731427
-841081.9259649253
-841171.6829315342
-841198.1245025676
-841088.6955670865
-840969.220928941
-841139.7052326434
-841179.8233155799
-841027.8421189383
-840935.4750937835
-840959.3322385207
-841021.9768213785
-841088.6695076175
-841045.245947173
-841019.3208814554
-841083.2714981812
-840965.974252566
-840836.4682967952
-840943.2348919816
-841029.5154935415
-841015.2593731008
-841064.4482168193
-840987.3569460161
-840963.7043013512
-840915.3808003245
-840846.9461957857
-840726.6349379595
-840616.0403971099
-840502.9634135223
-840453.151187492
-840572.8785613326
-840551.5741063001
-840447.5566602562
-840431.2766945205
-840672.0252060387
-840530.227411357
-840702.4704732811
-840704.0425441383
-840675.1592376864
-840640.9557027313
-840538.0840730398
-840691.3798372474
-840620.693824977
-840782.6900230119
-840500.5106830675
-840523.0791798374
-840485.297313206
-840351.5906477164
-840486.9459141201
-840730.9748539787
-840586.2931788922
-840515.1715814461
-840462.9797963843
-840472.0415565188
-840533.1224496067
-840473.1466246323
-840438.8568073183
-840338.8626431731
-840459.7853319988
-840457.9232416488
-840378.8068409011
-840338.0589960833
-840477.9039611472
-840617.2583554146
-840535.2347368334
-840481.0607853091
-840402.439527527
-840528.0222958049
-840571.088751254
-840624.7041074723
-840504.2301995509
-840320.665978367
-840249.9733845175
-840227.7866910505
-840404.7859822967
-840411.111828595
-840478.4231375223
-840490.3533955875
-840464.335806516
-840457.3669343996
-840484.8482586591
-840346.5887622375
-840499.5829465449
-840360.8898029907
-840408.0321472511
-840473.4940550983
-840360.2343924183
-840314.6799045763
-840410.6067150468
-840354.5162608915
-840432.2725400011
-840352.2626342606
-840550.1672821124
-840452.9528286053
-840510.135986991
-840260.0472498345
-840447.3063254588
-840561.1974099533
-840724.9540247888
-840727.7341657204
-840640.7864170945
-840810.7514969965
-840553.8142959125
-840507.8458161061
-840605.9362901741
-840737.7579913181
-840729.5566585436
-840602.2391311579
-840665.0407499007
-840612.1724197554
-840678.1687601156
-840741.6848919961
-840581.7056852295
-840529.8810073575
-840503.3924686698
-840596.8861528441
-840612.8849552381
-840409.5038836281
-840680.4427309816
-840537.0727192555
-840416.316162329
-840373.2540015734
-840298.7235715132
-840382.1392951732
-840332.0462860236
-840294.0628123477
-840557.1242814935
-840511.886869401
-840518.7605407189
-840639.9273873988
-840501.7867663124
-840333.0902274806
-840464.9895327439
-840272.6478527386
-840427.0541306856
-840369.5196019695
-840208.2680373089
-840083.4178369405
-840165.7227826375
-840215.13634704
-840282.7234547051
-840403.2960497353
-840508.36163984
-840509.9161749082
-840609.7412621726
-840448.3948687263
-840452.1788819932
-840258.2822822217
-840245.1948996994
-840234.8994806898
-840396.2275250404
-840381.8802707199
-840320.2242223262
-840159.3919346606
-840243.8967060077
-840200.0112472174
-840184.084711606
-840213.1652751488
-840333.3720276079
-840353.991219523
-840393.6241069883
-840327.6906267479
-840154.4182239177
-840322.2097937154
-840192.9004809564
-840313.8352893573
-840344.1741959525
-840377.359544316
-840289.2659326548
-840402.2335955534
-840294.4300908848
-840238.6823479324
-840342.5756609668
-840302.384178164
-840260.5636615003
-840309.6438770251
-840394.7471886417
-840527.4806940631
-840345.8718341538
-840384.2475997154
-840210.7410353591
-840200.9167001196
-840249.4186817617
-840038.936225713
-840134.2246865553
-840073.4900007135
-840075.0101648552
-840124.8887993118
-840162.531631956
-840279.2634919963
-840333.0350930078
-840380.6763061219
-840309.4578626523
-840178.1137845089
-840262.2866676553
-840276.282121181
-840296.197799012
-840245.5292695146
-840124.269692125
-840197.4584521058
-840051.1360079411
-839956.4920611306
-840034.0368454128
-840164.6990230132
-840159.8964988921
-840332.6331413122
-840179.8029376414
-840080.3014316043
-840075.2502034209
-840119.0780183563
-840398.4320721598
-840294.1833675186
-840327.2315688977
-840373.3734999879
-840352.7912681829
-840214.9083793369
-840163.3635248384
-840086.6251374318
-840010.0549548741
-840160.3857432705
-840234.3736680435
-840211.2331356424
-840152.4934933715
-840151.850877884
-840307.078472728
-840282.7184901151
-840459.465882717
-840229.6209347895
-840397.542056805
-840242.2694918184
-840110.7651971364
-840150.4807202034
-840160.5327999516
-840293.0448427409
-840294.7271666354
-840253.5367520398
-840148.0031812881
-840177.9429667749
-840395.8248875234
-840335.5305675468
-840509.6146381565
-840445.7191667304
-840359.1161436901
-840334.9632029928
-840360.3448032034
-840198.0126729852
-840072.3656717992
-840152.8474216221
-840141.4229125935
-840121.9267819499
-840128.2406792833
-840131.7231162279
-840174.2113379692
-840307.367790351
-840346.0111181715
-840249.3664008583
-840199.2021963112
-840186.5683919091
-840064.3688887786
-839976.266650478
-840002.0220128739
-839948.5235660766
-839869.6266992801
-839738.4302876326
-840000.6789837342
-840069.1894220562
-840005.485048121
-839986.3229463487
-840055.1243694256
-840093.3604250271
-840096.2937782612
-840173.5610195582
-840299.7109508569
-840240.0451033823
-840114.2287053951
-840097.267303637
-840161.9444401963
-840105.7330219848
-840012.1394253963
-839988.295336036
-839878.5665923309
-839946.9793052527
-839959.7601791561
-839915.4789993804
-839903.3657511031
-840055.7916070845
-840013.049648123
-839922.8275458378
-840034.00499534
-839788.2891765081
-840123.86055301
-839950.0795365336
-840028.7918101622
-840015.5571995067
-839967.990947892
-839813.5228943909
-839831.6304592126
-839954.089609277
-839905.6404649285
-839941.2892568214
-839884.4992297479
-839973.6088181008
-839889.3695089562
-840013.2232332588
-840129.4072406234
-840184.5021322689
-839936.6974053533
-839894.9669904131
-839960.6893129172
-839913.9480099963
-840032.8066464079
-840109.4135621717
-840097.4128578214
-840152.0537244215
-840179.0689081593
-840060.5542456309
-839985.321076167
-840045.5728969428
-840149.0014003826
-840258.9000148904
-840124.7871396638
-840262.6823658011
-840156.1450603744
-840145.9288574463
-839927.529487164
-840099.102417021
-839999.6437888575
-840011.7161013868
-839864.7675412674
-839903.378138929
-840024.0712927788
-839831.4045763169
-839878.772066892
-839973.179045945
-839872.4415274118
-839892.1992084013
-839788.9595492771
-839866.0609683805
-839665.0506448076
-839769.9655047719
-839938.3672435612
-839879.9237093204
-839810.5377452646
-839841.7635544607
-839821.6375975595
-839699.9721054903
-839796.8719268611
-839978.631068594
-840013.0913872706
-840005.8423331741
-840051.7483163873
-840138.1516450774
-840212.3212576269
-840081.6701744229
-840074.2684097775
-839983.0998654062
-839915.7493291992
-839921.8309356951
-839973.3631709473
-839843.1568962472
-839917.9940177536
-840026.7919741448
-840065.8497794613
-840167.929284803
-840079.9661988575
-839985.1228024863
-839983.620669735
-840084.2361386529
-840017.3069384776
-839874.6952493014
-839942.733070593
-839784.58703185
-839883.1355648525
-839965.2476934383
-839894.0644678144
-839988.204080586
-840004.6460393335
-839966.3495115706
-839875.1163566294
-839998.2748253028
-839953.5529041277
-839947.5058810334
-840050.302657835
-839847.3708505469
-840016.9882426873
-840066.9483520421
-839828.5868381198
-839770.9560339634
-839844.1515005067
-839879.1781831308
-839804.3433339926
-839858.4886783656
-839834.9387089601
-839939.795046558
-839742.9046445756
-839882.6334091746
-839906.9360724995
-839902.4973743211
-839883.2355714678
-839888.4424389867
-839826.260775052
-839915.9642388942
-840078.4961556769
-839894.4491564508
-840049.9911128213
-840001.1856896661
-839889.9672430828
-839967.5886673569
-840024.8261421608
-840006.2080044931
-839993.794360616
-839878.4987569824
-839739.1272600765
-839929.9051161044
-839782.0486588901
-839881.3961866592
-839769.5015968455
-839724.2053942246
-839802.624325804
-839914.4915312693
-839862.5033173512
-839984.5149087368
-840077.2185395632
-840070.416498374
-839934.8688931997
-839986.4566551693
-839924.7854526478
-839860.8603331936
-839686.4804198807
-839750.9673600281
-839694.9276140956
-839877.3529903567
-839912.1382608481
-839682.3289523593
-839658.3288739809
-839577.4378413996
-839656.1094802662
-839768.8063280213
-839780.2358405825
-839769.0014622746
-839741.7111735573
-839728.3244093971
-839750.2002014607
-839663.1230576733
-839571.4514580219
-839571.0989249906
-839759.2865614691
-839624.2127054367
-839703.3619261105
-839787.1590177121
-839851.444286462
-839826.5285715051
-839843.1520299809
-839740.4012841153
-839879.5527413997
-839709.6941944014
-839773.5077809942
-839854.8367252522
-839928.43051511
-839835.5219945543
-839727.2389513381
-839871.5800471648
-839750.9038872382
-839808.4137718161
-839788.5640812239
-839714.0463360795
-839650.0791821039
-839827.7425159499
-839719.6028558535
-839778.3835812093
-839823.3674203716
-839710.6611804197
-839669.432694862
-839658.5894917368
-839612.2600720723
-839619.6956438521
-839706.3990396118
-839625.339186343
-839683.3365315427
-839729.912881717
-839790.6982807241
-839728.1989305287
-839782.4577744659
-839739.2632127199
-839687.3836710601
-839655.5297827278
-839672.9420373719
-839807.7946924327
-840026.5313862547
-840058.0795244873
-839723.1639476777
-839659.6946294318
-839680.9483569228
-839850.1099087892
-839794.854362876
-839685.0548376316
-839715.2448024363
-839544.7485651786
-839692.3465411761
-839765.2445308167
-839623.161731063
-839628.5039731403
-839530.615076232
-839601.6854837275
-839603.110371235
-839597.0493415046
-839483.245513269
-839635.375289734
-839512.2763511227
-839589.7136434498
-839630.3921754243
-839627.0761423889
-839634.5912760915
-839620.9104293376
-839481.4491325071
-839646.3674121101
-839590.7856886598
-839619.1157827569
-839690.6555550093
-839758.2864586797
-839708.18577619
-839747.0418260605
-839664.6233942411
-839701.1582126453
-839684.2173403505
-839695.0822238028
-839595.147938076
-839713.3147848493
-839699.6469167222
-839653.2012666571
-839698.9768486067
-839701.6560821475
-839697.0588782276
-839749.9090120926
-839637.9019867579
-839662.970963732
-839629.5767203671
-839600.5510396215
-839563.9186637723
-839560.1099711753
-839448.9151319832
-839575.5497878278
-839486.8589013652
-839479.064641612
-839660.2689989372
-839452.1093406138
-839508.5278161141
-839487.6677093242
-839473.2781549984
-839442.715250764
-839533.1455269695
-839670.1704144223
-839455.3231135888
-839460.9243502454
-839579.5954634303
-839510.2062014368
-839515.1872604688
-839448.1163433769
-839346.9228903058
-839316.1817685636
-839506.4653926415
-839521.4154424386
-839456.189335581
-839420.8627639438
-839395.795339318
-839505.6708886573
-839670.9354310216
-839635.4195577927
-839584.1772623986
-839623.4134122715
-839601.2602313142
-839555.9796388635
-839533.5121616235
-839783.6040180462
-839723.7654989893
-839568.0542232513
-839694.9783368538
-839597.7898612365
-839609.5505957718
-839571.8047144975
-839631.1473585971
-839699.3672333674
-839510.3071965874
-839592.5830914798
-839527.0580888931
-839685.4666404054
-839609.821837956
-839678.9802824134
-839555.7235429817
-839543.2309938958
-839570.7619745105
-839582.1110801625
-839569.4015760287
-839468.1224449159
-839486.2125602262
-839448.4750682913
-839421.5888017538
-839278.4784289749
-839591.4196068667
-839427.9726331705
-839574.9486254153
-839361.8339271526
-839430.0276529171
-839425.6446652961
-839407.3074153428
-839546.5228695734
-839601.528612188
-839568.501373938
-839581.4938108105
-839493.918676684
-839470.0654774358
-839411.223594605
-839423.7528361897
-839291.7942046488
-839415.7154445081
-839352.2819780005
-839363.6017416924
-839403.4937641917
-839588.9657210122
-839571.5711544396
-839513.8949698755
-839323.6261555189
-839409.5281749335
-839504.6581688008
-839440.3929311911
-839337.8450194644
-839296.0432883721
-839380.9837962423
-839254.3594779903
-839406.4466430316
-839466.5737801989
-839567.9666065496
-839363.6536960428
-839358.883567015
-839321.736254677
-839419.2990360655
-839279.8215551061
-839440.5967758056
-839334.8555078192
-839349.758303204
-839243.3744630687
-839331.9362423266
-839504.8421500048
-839489.8030021087
-839559.531435101
-839438.8833928988
-839552.3845156507
-839565.4237129209
-839561.7079989264
-839483.4786482067
-839483.2812143527
-839358.5194158673
-839283.1843969269
-839253.8399154417
-839189.7213796929
-839295.3128833342
-839214.7240158471
-839121.0704240489
-839245.6378476946
-839101.5021276099
-839094.421820508
-839210.0725160189
