-914772.0422805148
-907790.0399748317
-901558.1108002908
-897251.8581260687
-894036.5585047415
-891730.3326750225
-889574.3746062949
-888100.7575026171
-886484.0972914979
-885036.0131099012
-883772.6291196824
-882453.4978570221
-881504.3638739815
-880608.0953069234
-879838.2333852815
-879039.1584568109
-878317.0485979846
-877498.4455246369
-876820.8055812565
-876312.5263994555
-875599.9541843361
-874886.9754283229
-874226.3055526607
-873594.196132032
-873260.0753105549
-872855.9348251203
-872453.0740378067
-871860.4061336237
-871552.4608166728
-871024.0745475071
-870879.831433038
-870480.1424754706
-870069.130940435
-869584.1950696112
-869317.5997424175
-869143.6800185776
-868828.8091981171
-868538.4194692443
-868221.4955157703
-867991.2962241151
-867620.0382251724
-867204.9051050885
-866870.7379648817
-866673.9231734872
-866530.5115009539
-866181.0832164581
-865866.5674333677
-865655.2942379502
-865290.508008849
-865118.1944437189
-864970.8401776738
-864739.5948149142
-864518.0163898661
-864464.5738140688
-864279.1647196746
-864133.813815285
-863777.5709756638
-863561.7510618645
-863361.9461302314
-863170.5670821624
-862979.5899727283
-862713.1827780623
-862668.963680903
-862506.7853523275
-862315.8464663891
-862215.1874468704
-861955.0660101745
-861642.0762752994
-861563.0650347794
-861452.5220234891
-861370.6830346138
-861214.1775942355
-861103.4926200199
-860915.7376264052
-860695.4456586587
-860508.8826194261
-860555.3451709277
-860388.4075107633
-860336.7452672718
-859944.7686208996
-859960.406041775
-859788.3659146101
-859650.6790705108
-859567.3157732069
-859533.2259354903
-859311.73247861
-859202.7877472138
-859010.6526544049
-858984.4192858383
-858854.832211105
-858838.1872661379
-858771.4618516851
-858558.8029218809
-858605.456412902
-858589.4837225301
-858404.3643310836
-858422.0483940523
-858286.7922328048
-858160.7873401499
-858074.6570891186
-858080.8996268071
-858094.5299735469
-858117.2730926584
-858034.1536957875
-857776.4746558355
-857762.3179251375
-857538.1316066525
-857549.7336034236
-857480.5328123363
-857620.2417150015
-857635.2114789732
-857457.5118486903
-857432.3729316085
-857369.9654193298
-857224.9207626835
-857187.101360726
-857058.6394891646
-857030.4704285953
-856891.1391018295
-857060.977584522
-856874.4617884827
-856800.5394081459
-856740.5260731183
-856676.0211120966
-856722.8506886765
-856601.4329791806
-856525.5343348642
-856502.3455371904
-856296.9899994421
-856336.9464386153
-856211.0385897965
-856178.69659198
-856167.1321869568
-856092.4333821208
-856074.7932252715
-856229.1472276477
-856125.126861651
-856068.595308343
-856033.2634979283
-856137.8563788721
-856077.0809914138
-856009.1894050521
-856064.2386035385
-856202.1260918733
-856135.4164112959
-855970.1691717571
-855914.637545383
-855923.8640619407
-855802.775688229
-855900.9047894566
-855881.6751666365
-855667.5683043017
-855642.2654387099
-855669.1001999509
-855588.1702271986
-855655.9429735242
-855452.9981677973
-855523.0975106565
-855535.0886046881
-855536.1893331911
-855451.3101262262
-855530.7900702218
-855497.2949870764
-855407.2542936477
-855282.7260352382
-855260.9582953104
-855206.4920082925
-855335.4917193332
-855303.7286026576
-855330.1952666359
-855319.4799125623
-855205.3559671504
-855483.5734666704
-855369.5926244877
-855199.7411500867
-855245.757519066
-855273.5235606156
-855187.3066001392
-855072.3629535667
-855073.4567033346
-854878.9914669818
-854984.1699812652
-854848.8875217565
-854832.2471557993
-854995.4775559902
-854917.6828855667
-854817.5771710601
-854886.6143437003
-854795.6423069407
-854810.8154451704
-854776.2239108277
-854735.8576027675
-854779.8676644441
-854709.4368150514
-854754.802582909
-854838.5399458117
-854619.709086087
-854524.0697980797
-854625.4761681072
-854600.0545961597
-854587.6768668322
-854670.9524487912
-854550.0257045551
-854454.9215186008
-854396.5275371255
-854414.2074986008
-854343.7258978937
-854341.7684289603
-854381.4237626579
-854365.8041236189
-854366.4854486949
-854398.4367393431
-854448.7705798047
-854450.2860552316
-854533.7159020914
-854411.5867049238
-854331.8938940396
-854360.2271163691
-854299.0240739563
-854300.3382845904
-854322.5045351585
-854247.7240645286
-854207.8800997332
-854210.0002487841
-854329.849645956
-854087.4185870134
-854329.8407922795
-854370.1822384672
-854407.0263157951
-854365.7720400054
-854308.6450351672
-854413.894905436
-854414.7885388323
-854303.7863574852
-854164.547576218
-854272.623022367
-854297.9147771144
-854148.5828833621
-854085.1698755082
-854127.6248581627
-854044.4225229946
-854051.4773225652
-854024.7046815772
-853821.4883585066
-853894.3975484958
-854002.830251937
-853845.2476664849
-853910.7784101844
-853895.7630960523
-853919.5665199035
-853894.5946488687
-854032.664263025
-853883.9950975871
-853763.4139328061
-853814.3904952054
-853788.1272945622
-853936.4098504821
-853958.9918931308
-853855.1928597891
-853809.4496557441
-853813.6160957231
-853896.0979346574
-853911.2969448504
-853815.1166350121
-853899.6541892592
-853820.9428065357
-853785.8522056374
-853809.9892027942
-853745.9189883478
-853720.7489737386
-853740.6440626112
-853836.8431928486
-853739.7195969952
-853649.1707190755
-853632.3943556856
-853621.997064275
-853557.3112380063
-853618.1150397701
-853668.3871393875
-853563.3242223915
-853517.7359640055
-853398.7142641803
-853476.5604443199
-853480.105886546
-853504.3678015843
-853522.3609106701
-853506.7424385406
-853418.4543580705
-853428.6605126684
-853520.8618725986
-853467.3973319784
-853471.2450085722
-853473.1376278517
-853445.8926475391
-853499.5819689566
-853557.687850107
-853404.5792983469
-853501.5352292652
-853405.5231458675
-853452.1706404488
-853264.2614202781
-853324.3921497671
-853295.8194244638
-853308.7499853882
-853333.7220757566
-853281.6622553942
-853308.460723566
-853391.2731545378
-853320.0371105885
-853280.3670372082
-853272.5583231314
-853214.0123428495
-853358.5332484861
-853244.5396767628
-853380.907225963
-853270.8367882825
-853380.8244191447
-853245.4125072678
-853355.1590894808
-853209.7742829946
-853363.0082163523
-853255.5987412422
-853193.2041301156
-853324.6007821977
-853434.5424478477
-853359.8694265502
-853347.2584451425
-853451.4759016441
-853423.5787575158
-853465.7012175787
-853238.8705234654
-853426.5812422937
-853367.6242338142
-853318.4933124748
-853320.5940216867
-853372.655074866
-853310.8998259011
-853241.7200223206
-853280.5545280828
-853151.1308271323
-853259.2763759878
-853217.2491844449
-853240.6292070979
-853153.2518811823
-853240.5911056028
-853229.7824804402
-853163.0296725185
-853340.0882317955
-853335.282111547
-853177.6995276578
-853152.0393141855
-853190.3210378574
-853174.4604704453
-853168.0324533482
-853260.5070511301
-853284.7583796742
-853187.6732531922
-853269.2578381035
-853194.8793493224
-853187.3966174113
-853114.3819703411
-853321.7734165676
-853187.7563946818
-853209.7586072196
-853201.3780093933
-853338.5184250831
-853294.4458148885
-853156.4774623684
-853180.4192050087
-853138.6873148789
-853041.7564535827
-853073.8748850949
-852985.2653035247
-852999.2168014214
-853047.3884549146
-852984.863635932
-853092.2941024859
-853148.0785499322
-853127.426381671
-853065.8171468102
-853049.3407889445
-853024.0320174164
-852953.9020949373
-852891.5840597574
-852931.5712555165
-852918.0866506203
-852741.6062751327
-852811.7939256119
-852775.2380529402
-852669.5279730852
-852714.1042455783
-852751.7863650618
-852930.4163335518
-852835.6534216873
-852711.7224990034
-852798.528836898
-852821.251525859
-852836.5468983669
-852823.9137235855
-852713.7103937046
-852527.7913439836
-852619.6865385579
-852548.1551717587
-852675.4301291604
-852626.2900556703
-852610.6201736924
-852597.3761657209
-852599.045726171
-852669.0870249396
-852665.3880043483
-852734.8324788081
-852586.4698869602
-852679.2729402155
-852774.1731417036
-852757.6634631401
-852767.9400564377
-852829.5623104806
-852766.1911456329
-852809.608709077
-852847.8513518381
-852745.8027016991
-852830.0018393261
-852732.0709376041
-852644.0137608403
-852716.3306296064
-852769.790868275
-852862.6590236896
-852691.7227535328
-852726.9536244166
-852683.6355249231
-852813.1568285786
-852525.3617025006
-852682.0942283003
-852639.6843744853
-852609.9793700572
-852530.8985044594
-852598.88109762
-852637.5021428929
-852738.6405974933
-852672.3234763048
-852627.8203412003
-852685.2823601672
-852701.1354554384
-852732.0833089506
-852691.8922998941
-852789.3979680759
-852729.6957573314
-852767.8738893354
-852708.3534682554
-852925.4424307973
-852910.7531610357
-852841.4074538958
-852780.3329356329
-852780.3505206129
-852748.1509904015
-852735.7335333048
-852704.8295111909
-852734.6078481583
-852773.3152930051
-852817.6644893227
-852707.9544552492
-852627.3128809187
-852659.5468034063
-852582.4441312224
-852729.2882838133
-852868.9100660115
-852851.3458370953
-852661.7833787472
-852830.4420900004
-852676.7823229191
-852777.6227663644
-852708.2366394405
-852767.4283463769
-852774.7790184728
-852672.6045123629
-852603.8434715424
-852599.9008477266
-852654.6224050939
-852683.7259573106
-852635.7766437068
-852492.1406323639
-852362.2981261811
-852659.8589437703
-852640.4549125689
-852593.264978903
-852526.0862229901
-852459.3342178473
-852460.5397998764
-852515.1021065594
-852427.1130618908
-852642.6133437008
-852619.9802390967
-852584.4440362845
-852554.4460457334
-852420.0544987526
-852500.4795725051
-852596.0077024306
-852585.2456223014
-852584.1310074334
-852608.8050824429
-852630.3693078887
-852746.6792072427
-852794.0965296753
-852571.9244492686
-852649.0470797347
-852714.2074208612
-852586.5644228412
-852584.9824502381
-852705.0321607922
-852555.0133786905
-852493.8560747491
-852655.9667570465
-852572.0710295341
-852541.3244243526
-852573.9443995402
-852479.8273871096
-852541.2797941283
-852657.796751455
-852669.3818460663
-852782.3088605101
-852582.3115300768
-852633.6106793028
-852700.1435561199
-852689.0892326195
-852534.4348072871
-852740.2326700711
-852681.8026642159
-852595.5061665361
-852560.87270365
-852439.4705860442
-852673.904995709
-852543.9415771851
-852676.6158317582
-852622.4346632524
-852732.128276197
-852651.7520290622
-852736.6840878899
-852684.9183701486
-852486.4832559341
-852450.7503606416
-852851.4020610983
-852680.4239571736
-852622.951159647
-852683.3694516163
-852648.692290654
-852472.6133026405
-852604.368372067
-852681.9054161652
-852697.2404460383
-852753.9470816633
-852794.8073171283
-852846.3319554421
-852847.9969727615
-852798.8832623268
-852793.7489290826
-852711.6246479391
-852890.6743527668
-852708.9498062157
-852767.9531000095
-852775.9808060358
-852865.6232658904
-852808.6438763887
-852686.4670953625
-852832.922969308
-852823.6286682123
-852737.9314309219
-852690.5231288365
-852783.6289412468
-852766.036351105
-852574.2264605226
-852676.5373911615
-852670.3304679326
-852680.4009462873
-852676.0705736022
-852652.5989584203
-852629.046849345
-852557.9005742895
-852607.9441864538
-852657.2349430302
-852659.7750206852
-852668.9733356397
-852639.181190211
-852612.2108812808
-852539.6322126664
-852573.9965378386
-852535.7448873246
-852598.8760052702
-852744.6082909362
-852663.257245159
-852649.8035875031
-852715.1361605036
-852680.7162059505
-852554.2442916592
-852677.6253985395
-852687.8293230889
-852642.8893152502
-852540.1079915968
-852586.826643279
-852570.2311104045
-852551.7697223305
-852681.6734135476
-852554.8171478462
-852632.4753052619
-852704.9281891764
-852670.0316506466
-852557.389859017
-852688.8054242346
-852678.525584635
-852599.3405277494
-852624.426565679
-852498.8834912984
-852567.0297355237
-852469.1822539984
-852527.3076668711
-852554.374259921
-852504.6684841237
-852522.9969754615
-852505.9644854491
-852517.2201088198
-852516.3704021169
-852611.7683671551
-852562.4275051532
-852541.6395554885
-852577.2873110212
-852485.623269988
-852504.2529907863
-852509.0957669498
-852486.8722799141
-852532.6367434798
-852457.9702712337
-852423.5945703115
-852433.7778900166
-852509.3967934127
-852559.65563485
-852446.9761797743
-852302.4796748885
-852264.6377865844
-852521.983496231
-852577.6314508978
-852525.9765761128
-852490.8642246141
-852432.7730929686
-852409.6010929599
-852364.6535278093
-852544.7780443616
-852539.9724664364
-852416.5999489692
-852407.8973563568
-852406.5691061527
-852508.3342224397
-852602.2596521918
-852474.9365593785
-852529.8603711233
-852690.2251589795
-852582.4173007604
-852530.9780655445
-852568.9560927566
-852425.820630836
-852443.8394258001
-852482.880576718
-852666.3447295257
-852471.1016351643
-852431.5516204255
-852306.953065725
-852373.2888545261
-852569.3622660624
-852451.747900602
-852426.6259640221
-852390.355633639
-852402.7117909403
-852434.3700948892
-852464.8823239809
-852408.2689044675
-852404.141461673
-852403.2039981119
-852442.5534001201
-852416.4627961897
-852498.4378004231
-852401.0760280853
-852335.5963602845
-852396.6341919429
-852369.4946800084
-852411.5575392175
-852412.2268040086
-852327.1437797889
-852366.7395352627
-852253.1645719303
-852299.3858558249
-852298.7702334097
-852315.1245967885
-852368.1252383271
-852553.1580690013
-852442.5077397188
-852375.1348145863
-852412.3510173473
-852418.5652450761
-852539.0552906564
-852531.4531408155
-852493.3953087316
-852411.7122656489
-852317.4967026309
-852254.2155580464
-852374.8221918752
-852333.8207305633
-852392.1604464386
-852468.0369126223
-852507.5531271358
-852500.6772438816
-852353.1243262911
-852430.4344270249
-852569.1903805432
-852547.2310689003
-852570.921907236
-852626.1861966589
-852472.7602741448
-852427.4022772015
-852542.3336904505
-852496.7365583786
-852469.505942141
-852307.3626345849
-852463.5831662401
-852547.9826384155
-852469.8359236644
-852499.4252250096
-852513.6853515363
-852207.1024443812
-852299.0505651234
-852330.143717631
-852224.0798884096
-852194.965400482
-852261.7094513715
-852207.3641050485
-852236.9793713499
-852325.4037493357
-852360.3451540805
-852248.4907014518
-852319.3079895655
-852441.0354783082
-852364.0519547964
-852270.0190106643
-852257.3040729747
-852452.0028300129
-852386.7303505441
-852387.9539092459
-852477.2736991569
-852432.9041541651
-852374.7970919828
-852494.5575851044
-852443.0973933327
-852526.6447640841
-852624.0680745876
-852520.993463789
-852482.7936704679
-852548.9415626364
-852501.6780035166
-852524.6780838983
-852577.088648064
-852462.6001929962
-852455.6713030135
-852517.2625861532
-852607.7427556396
-852552.5872920505
-852510.292091388
-852508.2521218986
-852590.7811965271
-852488.7575546821
-852504.2943215773
-852509.3446859019
-852475.5332296402
-852450.9120257945
-852560.6528425335
-852474.7256626283
-852392.0733174895
-852326.6166614338
-852293.8803785669
-852184.5554016839
-852267.1128332425
-852207.0109116862
-852194.4545306177
-852186.077818865
-852315.9729168348
-852398.8374628837
-852292.9972330122
-852166.9702773483
-852252.4310231541
-852364.7277073573
-852398.5269393345
-852321.9780154065
-852184.8658681826
-852282.4634016745
-852357.5937887433
-852269.8858167696
-852279.4805292122
-852364.5000783915
-852364.1433859084
-852345.0833415801
-852402.8472300792
-852395.4139099965
-852459.9326199837
-852424.2499682026
-852515.5364781921
-852458.8917403399
-852338.9893793298
-852511.4074314181
-852508.3881931579
-852606.5832052461
-852668.1517478623
-852577.8529845941
-852602.0981520286
-852657.330628779
-852617.916599988
-852471.0622516455
-852366.5898510382
-852430.3869830406
-852309.3593040456
-852381.8309743307
-852335.6080360374
-852382.3412411372
-852343.2786395843
-852203.7429605989
-852302.8291031114
-852413.0972408989
-852411.4284900897
-852266.7142815823
-852273.6166768863
-852276.4721179378
-852281.6215459945
-852261.487741182
-852281.4350801865
-852240.5115101817
-852221.0621265409
-852284.2769516667
-852329.9797522649
-852320.6209263736
-852221.9302983612
-852252.5266070481
-852320.701462719
-852274.5630759533
-852442.4581686227
-852314.4114363336
-852391.4186995954
-852317.7883844725
-852198.8746209951
-852246.4067409885
-852409.2396975629
-852415.1749506284
-852382.3265194966
-852340.2547823007
-852317.1812173045
-852269.6083007001
-852322.208274211
-852231.5034513675
-852291.3879473483
-852188.9955164291
-852226.7689394344
-852360.8105116407
-852388.8730291375
-852304.6098696765
-852361.2921618358
-852372.4445798629
-852273.9683119506
-852438.520096273
-852371.29065119
-852311.338752822
-852208.8220697638
-852275.9599137305
-852327.0427220002
-852362.754502129
-852361.0039013413
-852415.6796610195
-852279.4490880284
-852426.8866989296
-852448.9327246553
-852410.24481142
-852342.0283404514
-852377.6131865118
-852403.0406124735
-852444.39220924
-852549.4217331727
-852448.687680144
-852579.3088838571
-852670.8980414396
-852539.3135008825
-852430.6346324014
-852475.4461594938
-852408.2746355496
-852287.9386377862
-852329.8086074791
-852372.0461008344
-852261.4888902494
-852286.7585522626
-852334.6635813764
-852370.1853827628
-852350.3414760528
-852433.8416401431
-852444.1247787271
-852494.3017407987
-852490.8697603667
-852420.9601120309
-852410.9662061534
-852334.0367892891
-852275.5285301121
-852277.1102490842
-852402.6977544876
-852354.1511638322
-852245.1386710702
-852353.9157949685
-852130.9821732079
-852256.0537195053
-852400.012730775
-852412.9170799416
-852250.7441510969
-852295.3594995417
-852262.3638126855
-852138.3002397732
-852311.5156219219
-852328.3814710511
-852295.3904783435
-852242.2201568594
-852153.2704548879
-852221.0795017752
-852171.5101233668
-852107.2262707254
-852098.021356591
-852112.6468582355
-852009.3026661009
-852169.200305112
-852257.9604089998
-852184.8613525706
-852195.1798928983
-852139.1564169629
-852154.4997180268
-852167.8260526792
-852418.65294726
-852352.300378296
-852406.5271004537
-852375.3159420151
-852289.2358979718
-852254.403911616
-852337.0377735894
-852317.0992449451
-852301.1743967057
-852174.2148696295
-852282.74541653
-852316.4572263701
-852177.6198393436
-852284.6416572807
-852224.9575668715
-852038.4240468979
-852092.96389592
-852138.2961943769
-852074.9505291552
-852129.8416892253
-852233.617528864
-852153.2229588365
-852105.1179662036
-851999.2226356914
-851923.7495741174
-852067.1057861005
-852140.8074722453
-852084.5756164809
-852145.194765072
-852114.4116242122
-852072.5056289015
-852118.5451547598
-852031.9834572265
-851977.309802835
-852017.173241475
-851907.1945716738
-852011.6644674978
-851984.7730911778
-852131.6424917959
-852027.4456157048
-852095.5955382437
-852095.7218558769
-852139.1318161801
-852179.1005463
-852183.2075089321
-852237.2548002205
-852063.750284126
-852070.6520981464
-852049.4215121822
-852147.5848069884
-852258.2424763461
-852173.1030652854
-851947.5051628161
-852008.7224808247
-852224.5341668923
-852032.1050263114
-852027.6669995547
-852014.1949748968
-851916.7419874977
-852070.9142062698
-851914.5267932725
-851975.9341680779
-852077.6357248308
-852140.779651963
-852070.7573394589
-852043.6769456615
-852020.9560849353
-852084.8964134374
-852117.179932742
-852050.893589814
-852200.040171354
-852343.3735126477
-852322.1863774639
-852418.6614947855
-852259.8438222202
-852222.39859784
-852396.9065343098
-852265.9926481056
-852202.1972201243
-852186.571720815
-852181.7145804181
-852176.226198126
-852267.9769350309
-852192.1404429408
-852294.6460794832
-852233.1575627989
-852340.7611030292
-852194.735902144
-852307.766844373
-852257.2651241829
-852197.7591236777
-852229.2076238944
-852371.5015452201
-852466.1137856963
-852351.9445771225
-852343.2776572043
-852334.2270986959
-852306.8848993933
-852239.9936795095
-852289.6997589435
-852567.1826171281
-852405.2291228618
-852399.5960023586
-852488.4696689473
-852511.9282288149
-852320.0268382997
-852333.3068783794
-852313.9664456034
-852336.1329239934
-852346.8945798123
-852326.6963921133
-852283.4093093226
-852334.8888229673
-852313.5232000191
-852364.1878146508
-852306.0139089364
-852160.3496771705
-852179.1415301678
-852241.2086169883
-852196.7035919274
-852456.8078236114
-852345.4722689496
-852149.6138236807
-852282.1896886416
-852074.4296262702
-852125.1172268679
-852176.4466489264
-852109.5675494118
-852161.8266231621
-852247.084625799
-852245.6404382914
-852069.8822567964
-852181.7022459635
-852310.663699107
-852148.6458032464
-852214.5176758794
-852176.9296368598
-852053.0431885569
-852085.8983884775
-852082.4197898343
-852057.5920503004
-852089.5735095796
-852188.0448905479
-852018.7208453139
-852064.6705909376
-851998.5987067067
-852183.1284451024
-852212.0721813177
-852191.7736101935
-852141.3426351097
-852173.6430318587
-852208.4000318239
-852124.640017856
-852261.9194947772
-852400.7086079175
-852421.4018480927
-852271.4824501629
-852128.4065527715
-852375.8775334822
-852321.5203815685
-852379.2002381951
-852323.1496616638
-852280.1840910567
-852320.3082063863
-852364.3624284326
-852299.2294565804
-852383.7336657542
