463	-906879.937049
787	-898588.563802
1099	-892892.158447
1426	-888607.875414
1736	-885452.993058
2051	-882749.421809
2354	-880463.931542
2670	-878769.434784
3002	-877179.299998
3302	-875780.595170
3610	-874338.413404
3910	-873126.081461
4215	-872077.805168
4521	-871197.068980
4826	-870210.805542
5134	-869387.173116
5442	-868519.664173
5750	-867740.929518
6059	-866989.930871
6367	-866151.736104
6671	-865421.970690
6977	-864815.305396
7283	-864078.518631
7585	-863572.886144
7889	-863076.795814
8195	-862768.183893
8503	-862228.605008
8804	-861668.572321
9113	-861081.610956
9416	-860553.443664
9722	-860121.915512
10030	-859849.821725
10334	-859482.802807
10639	-858905.507086
10949	-858647.250551
11251	-858305.050842
11557	-857957.171856
11865	-857685.476545
12173	-857288.888487
12482	-857105.842253
12797	-856897.420117
13105	-856484.674374
13422	-856151.959540
13734	-855943.860572
14047	-855870.653865
14357	-855743.545609
14664	-855533.217034
14969	-855253.738402
15279	-855029.278933
15584	-854691.910264
15891	-854441.744497
16201	-854157.984812
16508	-854068.919196
16814	-853881.893312
17128	-853800.798077
17436	-853499.364510
17740	-853237.262062
18051	-853055.698819
18358	-852952.244483
18662	-852754.827764
18972	-852576.223769
19283	-852267.148331
19593	-852117.713316
19906	-851973.703328
20214	-851866.541469
20523	-851730.211459
20837	-851777.216666
21142	-851734.913910
21452	-851486.291629
21765	-851322.585019
22071	-851255.219606
22380	-850921.679993
22690	-850983.152957
22996	-850826.420933
23314	-850640.728356
23620	-850505.508063
23935	-850276.435512
24244	-850291.205736
24555	-850133.722232
24862	-850220.564221
25178	-849957.620774
25489	-850138.576271
25827	-849902.702447
26143	-849931.896852
26449	-849935.538659
26759	-849880.345572
27069	-849818.244621
27385	-849694.109025
27718	-849678.564865
28023	-849452.200886
28335	-849304.964583
28644	-849216.877001
28948	-849050.687952
29261	-848929.028826
29570	-848994.391192
29876	-848953.707714
30188	-848774.098936
30494	-848641.007451
30796	-848440.194895
31104	-848377.293322
31407	-848360.679140
31710	-848437.733773
32018	-848325.934513
32322	-848273.600415
32632	-848176.184269
32945	-848104.849388
33251	-848083.998799
33568	-847868.102330
33882	-847772.098510
34184	-847844.265768
34494	-847748.145427
34805	-847642.390466
35106	-847682.728045
35423	-847367.617816
35730	-847269.526357
36034	-847223.518215
36344	-847201.588766
36655	-847221.428901
36964	-847185.710460
37276	-847282.428223
37583	-847133.118138
37889	-847055.505998
38204	-846997.444143
38517	-847080.563466
38829	-846842.121509
39140	-846797.947629
39447	-846824.263807
39757	-846693.129983
40065	-846603.800589
40377	-846693.420266
40691	-846566.037421
41003	-846492.044158
41311	-846307.561407
41623	-846356.696523
41933	-846343.484798
42241	-846252.757158
42553	-846290.772375
42863	-846340.149746
43168	-846273.126920
43480	-846258.958091
43795	-845988.222763
44102	-845882.217343
44418	-845842.949281
44734	-845841.944678
45057	-845776.637847
45368	-845754.602181
45674	-845893.975331
45985	-845900.002059
46292	-845870.768888
46600	-845905.109484
46913	-845836.571574
47215	-845751.123958
47517	-845781.185090
47826	-845658.562074
48134	-845699.628924
48446	-845571.003387
48756	-845623.705959
49061	-845493.276391
49373	-845499.837545
49694	-845573.653732
50002	-845541.810899
50317	-845147.839261
50633	-845108.536338
50940	-845201.902536
51255	-845155.962841
51564	-845181.321379
51876	-845110.588307
52198	-845072.107530
52505	-845019.568807
52816	-845024.710829
53128	-844984.389715
53439	-844914.191217
53751	-844837.627954
54080	-845015.333701
54388	-844866.982705
54697	-844763.920351
55002	-844747.872440
55316	-844822.021747
55631	-844887.630544
55940	-844736.841407
56261	-844796.163433
56572	-844815.159150
56883	-844810.248920
57199	-844709.571169
57505	-844582.464456
57817	-844609.178222
58128	-844605.277245
58437	-844736.994524
58751	-844662.479625
59061	-844386.262325
59391	-844371.925794
59704	-844519.029860
60013	-844484.327218
60321	-844315.763626
60630	-844369.575945
60938	-844044.735859
61242	-843923.193421
61552	-843913.625897
61860	-844093.802165
62167	-843999.964320
62481	-843954.072053
62787	-843977.228157
63095	-844047.603321
63405	-844118.557277
63716	-844135.881922
64025	-844004.617258
64336	-843914.811537
64642	-843906.325584
64951	-844008.840273
65265	-844024.999650
65573	-843849.263070
65886	-843955.338302
66216	-843851.077559
66525	-843821.429142
66835	-843818.760108
67140	-843948.509577
67443	-843783.667315
67756	-843683.988556
68058	-843577.193134
68376	-843608.736635
68686	-843507.536293
68992	-843419.219668
69301	-843564.122039
69618	-843416.911828
69921	-843442.829238
70232	-843569.961154
70544	-843558.124212
70874	-843552.645644
71186	-843453.341747
71497	-843431.985442
71807	-843401.994036
72122	-843490.346072
72427	-843411.292961
72746	-843291.402941
73063	-843233.662211
73366	-843278.931265
73675	-843177.542562
73987	-843269.055908
74293	-843107.894781
74611	-843058.643261
74914	-843074.680174
75214	-843016.960593
75528	-843239.637461
75836	-843240.943526
76142	-843091.691600
76462	-843147.140261
76770	-843208.294646
77086	-843157.129238
77395	-843169.035243
77705	-843152.419138
78034	-843155.966426
78344	-843019.481435
78655	-842973.532991
78973	-842980.903199
79282	-842909.045309
79588	-842881.810649
79899	-842991.815814
80208	-842982.516166
80516	-843015.429160
80838	-842947.911842
81145	-842801.279994
81458	-842971.916430
81770	-842791.096667
82078	-842562.451169
82396	-842541.014941
82706	-842619.172651
83013	-842667.835053
83322	-842807.839894
83648	-842709.801030
83957	-842695.589222
84269	-842712.254120
84572	-842743.009079
84886	-842625.219319
85196	-842591.046205
85503	-842675.421859
85815	-842773.480612
86127	-842690.604749
86437	-842578.890041
86758	-842442.046286
87070	-842509.475369
87391	-842492.848634
87704	-842397.175107
88011	-842306.071215
88321	-842474.376473
88630	-842537.941333
88934	-842448.982085
89245	-842277.303458
89553	-842312.440566
89855	-842334.938590
90163	-842315.654194
90473	-842404.235740
90782	-842425.249677
91091	-842488.123473
91401	-842293.867329
91712	-842338.143365
92025	-842195.309442
92331	-842229.610976
92640	-842325.702043
92954	-842266.195168
93264	-842263.162653
93591	-842214.778431
93893	-842330.908837
94206	-842134.638691
94512	-842196.012440
94818	-842136.467738
95132	-842096.231511
95440	-842265.365652
95751	-842436.621139
96065	-842232.231599
96376	-842213.971271
96678	-842060.714566
96996	-841870.627348
97303	-841931.418456
97607	-841884.700174
97917	-841939.628224
98230	-841893.106788
98535	-841907.676378
98850	-841838.139699
99158	-841934.610712
99484	-841909.627207
99794	-841946.978979
100105	-841924.545033
100414	-841784.696623
100727	-841763.202604
101030	-841704.583951
101340	-841642.766441
101652	-841789.897887
101960	-841756.475026
102271	-841725.807590
102577	-841842.602601
102888	-841911.940005
103203	-841750.361110
103509	-841732.064905
103832	-841745.873053
104144	-841898.709624
104454	-841716.055074
104763	-841700.730965
105080	-841550.602982
105389	-841643.883752
105697	-841592.435775
106008	-841524.583996
106312	-841582.175386
106623	-841576.305209
106932	-841543.844365
107240	-841530.101880
107553	-841607.293302
107857	-841722.531311
108168	-841598.847534
108479	-841668.226278
108804	-841676.795784
109112	-841857.342132
109424	-841776.461079
109726	-841710.126765
110040	-841609.626379
110350	-841676.257381
110653	-841634.111744
110965	-841590.407302
111283	-841660.182568
111591	-841696.283244
111903	-841706.463432
112209	-841696.923961
112516	-841695.137767
112829	-841464.828994
113136	-841561.630800
113445	-841597.784460
113759	-841544.602543
114066	-841635.886781
114396	-841563.663796
114707	-841477.732045
115023	-841568.991622
115339	-841601.445058
115643	-841610.360904
115960	-841397.083724
116278	-841402.871402
116586	-841373.946133
116903	-841406.672585
117215	-841288.173386
117519	-841154.585753
117830	-841138.324791
118142	-841175.616087
118451	-841092.209930
118767	-841243.415609
119097	-841194.600416
119411	-841360.454985
119720	-841145.257000
120027	-841395.850081
120341	-841383.784345
120652	-841355.533875
120961	-841366.346819
121273	-841341.913376
121582	-841314.982591
121888	-841132.356982
122196	-841013.544953
122502	-841116.793668
122811	-841236.552175
123121	-841241.383772
123432	-841187.128519
123743	-841202.549985
124058	-841209.722631
124363	-841168.367319
124674	-841011.844785
124984	-841147.905653
125313	-841232.509364
125625	-841322.329806
125929	-841041.688100
126241	-841154.057006
126551	-841148.861720
126860	-841201.343113
127169	-841273.921629
127481	-841384.402100
127789	-841150.253276
128100	-841101.806572
128410	-841154.211062
128719	-841090.652078
129030	-841203.341839
129343	-841190.959514
129655	-841198.086336
129970	-841091.104040
130278	-841127.862884
130591	-841116.586321
130901	-841059.005173
131208	-840996.414143
131524	-841100.946688
131827	-841122.827558
132159	-841047.025334
132467	-841072.275792
132773	-841112.519092
133081	-841263.105724
133392	-841140.209875
133701	-840906.482643
134011	-841070.533136
134325	-840966.125915
134632	-840916.508431
134946	-840847.158610
135259	-840930.473634
135567	-840973.915172
135877	-841145.834552
136184	-841133.071613
136504	-841194.407096
136814	-841097.755274
137124	-841257.931819
137433	-841129.560083
137743	-841217.303393
138051	-841050.150937
138363	-841121.270964
138674	-840966.020728
138980	-840956.361392
139289	-840901.929999
139597	-841012.587195
139904	-840953.945611
140214	-840997.596305
140522	-840945.536121
140850	-840932.360917
141160	-840979.009225
141471	-841075.125264
141777	-840982.812933
142091	-840903.761472
142399	-840915.174285
142712	-841137.020520
143028	-840997.006976
143336	-841103.144024
143647	-841110.062060
143953	-841008.025295
144259	-840976.597274
144574	-840749.902035
144879	-840810.159379
145194	-840906.967218
145506	-840937.006663
145811	-840877.986804
146120	-840897.247759
146432	-840696.371808
146739	-840759.517699
147069	-840916.297573
147381	-840788.733651
147687	-840823.402191
147998	-840963.919193
148308	-840961.012380
148617	-840813.715511
148924	-840860.519828
149239	-840775.054549
149547	-840923.592529
149863	-840845.339104
150177	-840770.597764
150488	-840623.650099
150798	-840694.042679
151103	-840793.079008
151413	-840866.478698
151723	-840956.835272
152030	-840855.001418
152341	-840649.342103
152647	-840825.143977
152952	-840669.017956
153263	-840585.394110
153570	-840727.054010
153880	-840668.703123
154191	-840834.587606
154499	-840717.498040
154814	-840834.885292
155132	-840733.391367
155440	-840703.264086
155753	-840759.502980
156057	-840706.846774
156383	-840580.488186
156695	-840600.328222
157008	-840596.120489
157318	-840618.550818
157632	-840668.181440
157939	-840396.151070
158252	-840534.804295
158563	-840607.484485
158873	-840534.731821
159185	-840643.127854
159494	-840590.999005
159802	-840586.840860
160117	-840587.860154
160424	-840521.927503
160735	-840557.335675
161048	-840576.898408
161377	-840419.384531
161691	-840415.271624
161993	-840492.032654
162297	-840583.319090
162610	-840557.395087
162911	-840591.497747
163214	-840583.620135
163522	-840347.564537
163820	-840453.793057
164140	-840395.035258
164446	-840328.769392
164749	-840313.185752
165063	-840224.249363
165370	-840248.516117
165675	-840265.229576
165989	-840251.509625
166301	-840352.422820
166611	-840399.379806
166925	-840278.074996
167233	-840295.940368
167543	-840323.272779
167846	-840267.827727
168175	-840249.046974
168487	-840316.284932
168800	-840213.083629
169112	-840213.522052
169421	-840428.458724
169729	-840336.921715
170039	-840494.529800
170361	-840403.719595
170667	-840430.809216
170977	-840422.217623
171285	-840409.955120
171594	-840352.412294
171906	-840289.797581
172214	-840248.735295
172522	-840227.901533
172831	-840251.174879
173140	-840217.620372
173444	-840154.610268
173748	-839952.998126
174048	-840149.684754
174374	-840153.341014
174680	-840068.055100
174980	-840208.647390
175282	-840367.537334
175595	-840315.213820
175902	-840132.177898
176216	-840184.592491
176527	-840213.581785
176833	-840138.136288
177140	-840168.054189
177452	-840261.946170
177758	-840163.135851
178066	-840140.113346
178368	-840170.665170
178677	-840112.556417
178989	-840080.417286
179297	-840188.030379
179611	-840371.771646
179922	-840392.491155
180250	-840324.581604
180558	-840337.454034
180875	-840061.413266
181178	-840180.842476
181488	-840019.714956
181800	-840127.779581
182109	-840228.202122
182421	-840086.515434
182730	-840166.867389
183039	-840097.840437
183352	-840242.785227
183657	-840186.938896
183965	-840163.438914
184277	-840272.017353
184581	-840090.774069
184889	-840120.705572
185200	-840190.661436
185505	-839955.458392
185815	-840148.347896
186125	-840155.224542
186432	-839939.556150
186765	-839828.513252
187073	-839981.640911
187382	-839982.239088
187696	-839876.325061
188002	-839962.306394
188317	-840046.354907
188628	-839979.853241
188940	-840105.852387
189247	-839996.625862
189558	-840101.218332
189864	-840135.617829
190189	-840288.878034
190502	-840166.884386
190812	-840301.279565
191123	-840274.566528
191430	-840157.042578
191744	-840018.270099
192054	-840241.980537
192376	-840191.391721
192687	-840371.325741
192991	-840261.639986
193301	-840088.702689
193610	-840101.565687
193919	-840206.322138
194230	-840274.437407
194542	-840324.985533
194855	-840203.357451
195168	-840434.868242
195480	-840264.280335
195793	-840355.372835
196099	-840205.320695
196415	-840351.803088
196722	-840208.339532
197029	-840246.181901
197357	-840214.020136
197660	-840302.504199
197973	-840258.952577
198283	-840137.393327
198587	-839875.655955
198900	-840054.705687
199207	-839882.213835
199514	-840030.129321
199823	-840023.152068
200134	-840156.202872
200446	-839982.454881
200758	-840077.642429
201067	-840181.811209
201375	-840224.354324
201691	-840006.646139
202001	-840126.330934
202309	-840126.437192
202609	-840166.314512
202919	-840039.626473
203233	-840159.181911
203545	-840217.524995
203851	-840210.390210
204165	-840179.583785
204474	-839978.233868
204782	-840038.221216
205122	-840116.712662
205426	-840049.301169
205735	-840060.037530
206048	-840035.941816
206352	-839984.945503
206664	-839909.368442
206978	-839849.971832
207291	-839907.108864
207602	-839910.349719
207923	-839863.309575
208237	-839789.872257
208545	-839900.851872
208851	-840090.211332
209167	-839923.181381
209478	-839936.640523
209783	-839971.872633
210094	-840045.155675
210408	-839963.534686
210712	-839878.939070
211045	-839882.125417
211358	-840200.296958
211666	-840080.284015
211982	-839982.241805
212294	-840059.379005
212604	-840091.760590
212922	-839986.626505
213228	-839951.281609
213540	-839942.722560
213855	-839797.321144
214164	-839739.419654
214487	-839949.457349
214800	-839811.224602
215106	-839879.904593
215417	-839908.331589
215724	-839888.089274
216043	-839924.726716
216356	-839816.620408
216662	-839847.075851
216976	-839858.159916
217290	-839919.821318
217620	-839826.122338
217935	-839970.604126
218245	-839843.955749
218557	-839900.093698
218869	-839949.670601
219180	-840082.608895
219492	-839990.995542
219806	-839787.450877
220117	-839713.168916
220441	-839755.258774
220747	-839771.598135
221057	-839756.028585
221379	-839785.884439
221683	-839884.787759
221994	-839822.419256
222304	-839809.936366
222607	-839685.716275
222918	-839706.061396
223227	-839682.672622
223539	-839591.843480
223851	-839696.986926
224157	-839708.110786
224466	-839771.757030
224780	-839621.957219
225088	-839565.438925
225398	-839722.992605
225705	-839949.250287
226012	-839922.600773
226323	-839699.598228
226634	-839748.959968
226962	-839881.666734
227275	-839835.640539
227581	-839995.172626
227894	-839952.028263
228215	-839897.986762
228531	-839836.169590
228846	-839780.457884
229154	-839772.734154
229465	-839786.354965
229783	-839817.255675
230089	-839818.820434
230398	-839849.623185
230710	-839798.677066
231017	-839773.119371
231333	-839654.627296
231643	-839835.570508
231950	-839696.758011
232265	-839696.558889
232571	-839793.926182
232898	-839748.913021
233207	-839762.171455
233511	-839880.964373
233821	-839728.174559
234129	-839706.265431
234438	-839693.923999
234748	-839897.105561
235055	-840045.375830
235367	-840083.823295
235679	-839805.353788
235988	-839809.554444
236299	-839706.714791
236611	-839784.817966
236919	-839512.151327
237228	-839598.887865
237539	-839646.289372
237846	-839754.978968
238154	-839757.006215
238487	-839706.116467
238791	-839832.101901
239098	-839791.545045
239413	-839719.071214
239715	-839721.368325
240023	-839746.605218
240337	-839764.361063
240643	-839772.307377
240954	-839749.154188
241263	-839795.862814
241578	-839820.450655
241888	-839919.265199
242197	-839912.046724
242514	-839786.046573
242830	-839776.881539
243137	-839758.608306
243443	-839733.249842
243753	-839699.124316
244062	-839622.469478
244374	-839761.300710
244687	-839673.427685
244991	-839695.525065
245320	-839635.563004
245630	-839705.112985
245934	-839839.668603
246247	-840014.471443
246560	-839843.849219
246870	-839926.255808
247182	-839902.925772
247494	-839749.204101
247805	-839770.273387
248113	-839856.616166
248421	-839834.476088
248728	-839715.739469
249041	-839620.327516
249349	-839777.893045
249662	-839802.064114
249967	-839671.180440
250271	-839789.327241
250586	-839740.616101
250915	-839773.558229
251225	-839814.809269
251538	-839641.469755
251835	-839651.112007
252102	-839719.218277
252371	-839669.417804
252635	-839643.817520
252901	-839655.762722
253165	-839711.820327
253432	-839601.377493
253704	-839713.103015
253967	-839748.341925
254236	-839569.147205
254504	-839671.032744
254776	-839644.330784
255049	-839549.269839
255317	-839552.875564
255582	-839590.681146
255847	-839538.569386
256115	-839711.911940
256378	-839656.764370
256645	-839612.786082
256911	-839746.481279
257175	-839704.834813
257442	-839752.949486
257707	-839732.830695
257975	-839606.286561
258243	-839601.584970
258508	-839488.747827
258772	-839496.666810
259038	-839501.023214
259323	-839561.462780
259589	-839644.133271
259854	-839610.918378
260119	-839463.455232
260385	-839553.834839
260652	-839386.932287
260917	-839323.063908
261181	-839428.686107
261457	-839472.887578
261721	-839441.741670
261991	-839561.798913
262258	-839656.594386
262528	-839631.293379
262794	-839529.753288
263061	-839510.212073
263326	-839461.287696
263597	-839635.487238
263880	-839741.168690
264145	-839658.943259
264412	-839542.762748
264681	-839520.802867
264948	-839484.355796
265214	-839379.902772
265485	-839460.780411
265750	-839546.457326
266015	-839539.102543
266280	-839462.339850
266555	-839537.776418
266824	-839454.419660
267090	-839476.442296
267358	-839406.911535
267632	-839287.296628
267897	-839413.238255
268161	-839492.440857
268428	-839330.898838
268697	-839539.799035
268967	-839517.190479
269233	-839548.698510
269499	-839484.230220
269768	-839579.801612
270033	-839476.733728
270307	-839619.985315
270574	-839557.358206
270863	-839500.365162
271139	-839527.741395
271410	-839483.825737
271678	-839591.795630
271943	-839535.617769
272209	-839581.498192
272475	-839588.000298
272742	-839608.182466
273016	-839683.160695
273294	-839774.838772
273557	-839767.479085
273838	-839756.987980
274103	-839537.292564
274372	-839658.199342
274638	-839636.391488
274905	-839612.241889
275169	-839582.549069
275432	-839593.067971
275701	-839802.155355
275970	-839736.159965
276235	-839624.662589
276502	-839626.315568
276767	-839521.953895
277031	-839482.030616
277296	-839543.101118
277561	-839460.156192
277825	-839414.398754
278089	-839459.438385
278355	-839484.129397
278620	-839506.183969
278886	-839482.268156
279150	-839556.572761
279416	-839545.761691
279705	-839477.196101
279969	-839363.660528
280233	-839488.911308
280508	-839611.734614
280776	-839619.302656
281050	-839647.218430
281317	-839616.652719
281592	-839401.286018
281864	-839492.434975
282128	-839460.325723
282401	-839392.753309
282676	-839328.574388
282943	-839457.086965
283211	-839239.809430
283477	-839543.572436
283742	-839519.343394
284017	-839454.651508
284285	-839421.479683
284557	-839440.251981
284832	-839481.741318
285094	-839435.224566
285362	-839412.381325
285626	-839397.675909
285900	-839499.952829
286166	-839567.228323
286432	-839501.229195
286730	-839335.364391
286999	-839326.817482
287266	-839171.945245
287531	-839182.868567
287797	-839321.350097
288064	-839308.267679
288328	-839375.565128
288599	-839454.624537
288876	-839370.397428
289140	-839177.318241
289407	-839265.096067
289687	-839252.777481
289956	-839358.572708
290227	-839373.870031
290491	-839544.370550
290760	-839429.101876
291025	-839491.673466
291292	-839504.729568
291557	-839405.366050
291832	-839583.564915
292105	-839489.449039
292376	-839509.912704
292646	-839575.801048
292914	-839517.596382
293190	-839459.934689
293481	-839359.342442
293743	-839343.270080
294008	-839381.066502
294282	-839501.289023
294549	-839512.947638
294819	-839354.772054
295084	-839292.863566
295353	-839322.501505
295618	-839338.429783
295891	-839315.228374
296163	-839352.166120
296437	-839348.155465
296705	-839229.828202
296972	-839240.985677
297243	-839289.344080
297509	-839195.006642
297776	-839069.944362
298042	-839180.374474
298308	-839049.162442
298584	-839299.179813
298853	-839206.077778
299124	-839358.568086
299389	-839457.850676
299660	-839466.956230
299927	-839566.953702
300194	-839578.533148
300462	-839666.355144
300743	-839436.962994
301010	-839455.002571
301277	-839422.831193
301545	-839635.731770
301817	-839654.098152
302087	-839641.924765
302351	-839684.370524
302642	-839799.361416
302916	-839599.677333
303186	-839585.511328
303461	-839536.360015
303727	-839634.527974
303995	-839515.279379
304270	-839409.661323
304543	-839422.294309
304809	-839471.784661
305081	-839449.274803
305347	-839524.019418
305622	-839615.648356
305892	-839457.399992
306160	-839539.219762
306428	-839516.006725
306699	-839645.938643
306963	-839605.042091
307231	-839489.041565
307500	-839648.095973
307769	-839547.032405
308048	-839591.484410
308316	-839617.392729
308592	-839482.745321
308865	-839474.854579
309134	-839407.176174
309403	-839488.581602
309693	-839529.879035
309960	-839300.904691
310233	-839323.043792
310499	-839365.883245
310764	-839278.289967
311034	-839517.414959
311304	-839405.951408
311577	-839361.100369
311842	-839345.417062
312120	-839395.514466
312384	-839519.600482
312656	-839403.232357
312923	-839356.545061
313197	-839444.047776
313473	-839658.737449
313743	-839370.584424
314012	-839631.204580
314278	-839681.097278
314554	-839552.498266
314825	-839397.384752
315095	-839381.006780
315363	-839330.553376
315631	-839409.902264
315897	-839335.291798
316170	-839387.543487
316466	-839434.350297
316739	-839422.614430
317009	-839608.973782
317274	-839661.832281
317543	-839647.374896
317811	-839815.777275
318082	-839725.862302
318352	-839501.938565
318621	-839439.548488
318885	-839580.070577
319167	-839628.205462
319431	-839511.648853
319700	-839577.067141
319971	-839419.944630
320248	-839487.390454
320512	-839607.596363
320779	-839594.348749
321047	-839642.831005
321326	-839666.798175
321595	-839662.321056
321870	-839683.259000
322142	-839737.349934
322410	-839582.381046
322678	-839617.009069
322947	-839597.158157
323216	-839609.628434
323483	-839649.069903
323751	-839656.927409
324021	-839630.503414
324288	-839685.822736
324553	-839586.035927
324821	-839717.291605
325089	-839631.936408
325353	-839537.457513
325621	-839645.423692
325887	-839635.928973
326164	-839562.921200
326439	-839577.192356
326708	-839564.797995
326972	-839428.265509
327241	-839432.640154
327506	-839376.951299
327803	-839220.924204
328076	-839369.155775
328352	-839237.219361
328628	-839300.401921
328895	-839226.056639
329173	-839356.610907
329451	-839297.527212
329717	-839493.651352
329984	-839403.433737
