428	-908415.779168
668	-900991.897230
905	-895122.968335
1140	-890601.145630
1380	-887265.279540
1603	-884674.665354
1831	-882556.740689
2060	-880487.862975
2294	-878804.809552
2516	-876993.542047
2746	-875715.288066
2975	-874432.789840
3199	-873040.768275
3425	-872028.299113
3657	-870880.154074
3880	-870004.186720
4108	-868862.787694
4338	-868045.974717
4570	-867156.393091
4796	-866533.802545
5025	-865851.265127
5252	-865225.408566
5481	-864873.429712
5702	-864338.783945
5928	-863644.881048
6154	-862978.771580
6386	-862452.179174
6612	-861964.691776
6842	-861623.327444
7074	-861003.077312
7302	-860398.141681
7530	-859905.406702
7758	-859686.560678
7987	-859085.517557
8217	-858722.116612
8444	-858500.315034
8668	-858108.085065
8894	-857753.977872
9122	-857424.314592
9348	-857236.847284
9574	-856898.256022
9806	-856660.109100
10036	-856502.444629
10264	-856098.720559
10490	-855720.069189
10722	-855506.860971
10952	-855113.742817
11177	-855055.933189
11406	-854838.043962
11636	-854662.543263
11865	-854387.046331
12092	-854362.081757
12316	-854012.606028
12548	-853670.667796
12775	-853436.690236
13028	-853322.605281
13258	-853207.672011
13486	-853026.201121
13713	-852870.026724
13938	-852558.996550
14166	-852310.253937
14400	-852187.692277
14628	-852028.628590
14854	-852007.004154
15084	-851837.751733
15313	-851522.756575
15537	-851464.196872
15762	-851442.868000
15991	-851203.304098
16227	-851066.691093
16454	-851071.444554
16683	-850704.475411
16913	-850623.169069
17144	-850626.508655
17379	-850488.667762
17611	-850431.098623
17841	-850387.462973
18076	-850251.584889
18307	-850028.760467
18553	-850052.932999
18780	-849987.849892
19012	-849759.559288
19237	-849613.769445
19462	-849388.947131
19688	-849188.066680
19914	-849264.307612
20142	-848967.487685
20372	-848973.101666
20603	-848914.385543
20831	-848715.428102
21059	-848446.209069
21284	-848356.380915
21514	-848383.897821
21740	-848389.465856
21967	-848330.242452
22192	-848357.017342
22422	-848206.252260
22648	-848319.944585
22877	-848153.404150
23105	-848175.128251
23354	-848156.027301
23576	-848018.367006
23806	-848051.489901
24042	-847918.284200
24274	-847956.674510
24499	-847917.248022
24726	-847724.957687
24954	-847813.230869
25184	-847600.528322
25408	-847404.990718
25635	-847379.133916
25868	-847400.300234
26096	-847206.094321
26322	-847036.823195
26555	-846900.965134
26789	-846917.478752
27014	-846838.226290
27242	-847113.934722
27471	-846848.981711
27701	-846633.624858
27927	-846613.029236
28157	-846613.356378
28394	-846624.589022
28623	-846535.588767
28851	-846428.306627
29079	-846266.434811
29314	-846368.070973
29540	-846356.083983
29765	-846583.724803
29994	-846395.683632
30229	-846284.202771
30455	-846458.266393
30675	-846449.992290
30897	-846287.453300
31128	-846249.122131
31351	-846278.199399
31573	-846306.970367
31793	-846360.254023
32024	-846180.837223
32247	-846299.609197
32473	-846099.451587
32699	-845972.610954
32955	-845776.191580
33178	-845911.673884
33410	-845861.621244
33635	-845855.973398
33874	-845939.583012
34100	-845758.497724
34321	-845421.901931
34553	-845599.519890
34779	-845663.810066
35003	-845650.501604
35242	-845513.828346
35477	-845569.500913
35705	-845340.564371
35933	-845354.763810
36158	-845563.924018
36391	-845474.319711
36619	-845451.576356
36846	-845415.297925
37076	-845399.636160
37308	-845417.777681
37536	-845297.628640
37763	-845093.414897
37994	-845174.327821
38227	-845275.565759
38453	-845304.601517
38677	-845369.367168
38906	-845317.557438
39135	-845233.188894
39364	-845123.294328
39595	-845172.441525
39823	-845151.209510
40046	-845096.891056
40274	-845172.513830
40500	-844979.393512
40730	-845063.999157
40955	-845021.340568
41183	-845066.986916
41417	-844836.575098
41651	-844872.299192
41878	-844867.084185
42105	-844919.563563
42337	-844843.638594
42573	-844673.740682
42826	-844701.847191
43057	-844750.844099
43286	-844776.899356
43518	-844826.577002
43743	-844819.944947
43967	-844739.523418
44193	-844645.822220
44422	-844791.691351
44648	-844958.545920
44873	-844734.672827
45116	-844710.309246
45343	-844618.474521
45568	-844590.859778
45795	-844476.218280
46026	-844471.482587
46254	-844428.467145
46480	-844472.228193
46707	-844523.641045
46941	-844476.791647
47167	-844304.494784
47391	-844340.006651
47617	-844463.682186
47842	-844593.830390
48070	-844728.832815
48295	-844612.449225
48524	-844732.103171
48749	-844592.530106
48977	-844724.415979
49206	-844751.885098
49438	-844779.080964
49664	-844687.504743
49889	-844681.199334
50116	-844463.852187
50343	-844540.232127
50570	-844480.826051
50799	-844423.671234
51025	-844447.115633
51251	-844499.676549
51474	-844346.183187
51699	-844316.210911
51929	-844316.152521
52176	-844306.760965
52400	-844238.641116
52624	-844222.618082
52853	-844142.742642
53082	-844209.633831
53309	-844032.824576
53539	-843995.255494
53769	-844083.936926
53997	-844035.876767
54223	-844082.518179
54451	-844125.967837
54677	-844109.366868
54902	-844132.785151
55128	-844038.341081
55360	-844239.341974
55586	-844086.439272
55811	-844168.044314
56040	-844033.270623
56269	-844023.107638
56497	-844017.133329
56728	-843823.695063
56951	-844131.936009
57186	-844135.288944
57413	-843879.050024
57647	-843820.138397
57881	-844037.636862
58112	-844146.080885
58340	-844026.099161
58569	-844024.099607
58817	-843979.098519
59047	-843989.656943
59274	-844015.941896
59507	-844065.489191
59740	-844022.642086
59968	-844147.871087
60198	-844231.376220
60428	-844042.703422
60660	-844025.168832
60887	-844304.780625
61115	-844206.301128
61348	-844149.288421
61579	-844028.539922
61805	-844176.813426
62032	-844034.555904
62265	-844131.505222
62495	-844031.195562
62720	-843927.315561
62944	-843800.831120
63175	-843890.379824
63403	-843793.710488
63631	-843846.732472
63858	-843978.505338
64089	-843951.333792
64318	-843898.499439
64544	-843893.899308
64770	-843760.401906
65002	-843656.235575
65233	-843715.183881
65458	-843642.665564
65688	-843653.777592
65920	-843752.055239
66150	-843712.401681
66377	-843615.964760
66609	-843463.517419
66838	-843554.924532
67066	-843549.733163
67293	-843557.273841
67524	-843567.577813
67756	-843522.525201
67980	-843600.462464
68207	-843530.593269
68439	-843739.254798
68671	-843717.799067
68917	-843796.818900
69145	-843784.518037
69373	-843663.308468
69604	-843662.998948
69831	-843595.442854
70060	-843680.718678
70292	-843614.431123
70519	-843519.831313
70750	-843524.289118
70978	-843520.630142
71207	-843480.539122
71441	-843464.679751
71668	-843475.689224
71902	-843420.346255
72136	-843513.056044
72360	-843547.450290
72589	-843581.720358
72819	-843622.337327
73045	-843602.573486
73270	-843512.889191
73499	-843520.301571
73729	-843417.095650
73954	-843590.783751
74181	-843412.101440
74406	-843511.564314
74637	-843438.148540
74863	-843254.434098
75087	-843297.081288
75309	-843236.652660
75542	-843163.103253
75776	-843346.744372
76006	-843297.764172
76243	-843278.044067
76476	-843225.368370
76702	-843259.344372
76926	-843201.208865
77159	-843228.389480
77385	-843142.680825
77612	-843229.033064
77842	-843257.238424
78075	-843249.558141
78299	-843396.144946
78528	-843144.923100
78760	-843233.436448
78990	-843256.956417
79220	-843284.322805
79468	-843237.142330
79695	-843295.771175
79924	-843370.207655
80150	-843335.834649
80373	-843192.039807
80604	-843264.801118
80837	-843343.195205
81063	-843217.023251
81290	-843200.560236
81520	-843204.628875
81746	-843145.437957
81972	-842965.094749
82198	-842942.405220
82432	-842820.469405
82656	-843017.605709
82889	-843020.259757
83115	-842926.550488
83346	-843114.029889
83578	-843070.427921
83807	-843071.574276
84037	-842967.312628
84267	-842936.258285
84491	-843112.956742
84724	-843069.468201
84954	-842912.221093
85183	-842954.166319
85408	-842885.729879
85632	-842775.107911
85862	-842853.068781
86088	-842731.604883
86314	-842745.682650
86540	-842754.858782
86770	-842770.317905
86995	-842791.722342
87239	-842664.512666
87466	-842669.733576
87693	-842698.124663
87920	-842951.712964
88147	-842965.509263
88375	-842970.964190
88603	-842947.477471
88831	-842842.368513
89056	-842813.525694
89291	-842857.586847
89516	-842941.795488
89745	-842897.005533
89972	-842858.565830
90202	-842955.380493
90429	-842997.323212
90660	-842950.115425
90894	-842881.969486
91125	-842965.521246
91351	-843042.104844
91575	-843112.545569
91803	-842977.672421
92036	-842905.949349
92261	-842768.601273
92487	-842888.913021
92716	-842928.523208
92942	-842982.657686
93168	-842894.940316
93395	-843013.683898
93624	-842814.486557
93851	-842842.852384
94072	-842747.248259
94295	-842864.694076
94521	-842902.615551
94751	-842881.055443
94981	-842844.771780
95203	-842787.930606
95431	-842738.464770
95659	-842846.925876
95907	-842712.033802
96141	-842897.770212
96367	-842933.416295
96593	-842875.531684
96814	-843086.613276
97053	-842915.238695
97279	-842846.065242
97505	-842857.339035
97733	-842904.492966
97968	-842975.933083
98197	-842848.144343
98426	-842848.509459
98652	-842748.045440
98888	-842759.098321
99113	-842773.438029
99340	-842617.216953
99566	-842589.094657
99802	-842674.935738
100037	-842608.687856
100271	-842618.911056
100503	-842494.003848
100737	-842533.512718
100961	-842573.324178
101184	-842642.370562
101416	-842653.516843
101643	-842653.926763
101869	-842563.916766
102095	-842531.028145
102327	-842578.201997
102553	-842668.550036
102776	-842889.407762
103002	-842858.438545
103254	-842871.313349
103478	-842576.524726
103710	-842562.654261
103937	-842807.117997
104163	-842825.582584
104387	-842769.960587
104610	-842734.585978
104838	-842649.335487
105066	-842513.894943
105293	-842651.105805
105519	-842486.112853
105747	-842621.005919
105976	-842423.727233
106201	-842636.557715
106426	-842558.370848
106663	-842382.184337
106888	-842565.292613
107111	-842386.050307
107341	-842358.049049
107568	-842322.202329
107794	-842243.481835
108018	-842493.864742
108247	-842206.850733
108472	-842387.029413
108710	-842301.529472
108939	-842447.835054
109170	-842357.431061
109398	-842332.009113
109628	-842279.991708
109858	-842262.805233
110092	-842368.611073
110317	-842465.609129
110542	-842636.953645
110767	-842508.131160
110998	-842375.652112
111223	-842353.568544
111448	-842403.347854
111679	-842416.860331
111908	-842397.939491
112138	-842391.847047
112364	-842523.155501
112590	-842453.607142
112817	-842324.739092
113045	-842385.338909
113269	-842430.006455
113499	-842385.730984
113725	-842455.390383
113952	-842308.001612
114182	-842462.985475
114417	-842345.099791
114645	-842342.229640
114872	-842188.684565
115100	-842256.491806
115327	-842346.527404
115567	-842256.151077
115792	-842261.720795
116023	-842191.785738
116250	-842231.351477
116477	-842205.313193
116708	-842252.330245
116936	-842245.651409
117168	-842255.177113
117393	-842222.508817
117622	-842216.168479
117851	-842227.365229
118076	-842188.968925
118301	-842102.894431
118528	-842231.646434
118760	-842130.867310
118989	-842031.723393
119218	-842111.574042
119449	-842215.629828
119672	-842260.164874
119901	-842219.376695
120128	-842171.962444
120356	-842144.202467
120582	-842030.752098
120807	-842144.918241
121040	-842177.580274
121267	-842126.895572
121495	-842202.565604
121721	-842231.436210
121953	-842334.588897
122183	-842513.873339
122403	-842419.512862
122631	-842412.950150
122867	-842633.791759
123094	-842659.745478
123325	-842470.218096
123553	-842406.724114
123799	-842280.474246
124025	-842354.593439
124251	-842366.586557
124475	-842369.423221
124707	-842130.472920
124936	-842268.723734
125165	-842193.976078
125397	-842261.122258
125627	-842242.646252
125852	-842087.338569
126077	-842226.051006
126309	-842237.102365
126539	-842192.368223
126766	-842222.958146
126994	-842370.879294
127228	-842317.391840
127455	-842358.202482
127683	-842102.322415
127910	-842141.072183
128141	-842282.113733
128365	-842325.879330
128590	-842389.936773
128819	-842338.665644
129046	-842396.844369
129273	-842246.006030
129498	-842333.370376
129725	-842239.390096
129952	-842224.912673
130179	-842268.244570
130404	-842380.727496
130636	-842274.190847
130861	-842313.666377
131087	-842203.382504
131317	-842102.631570
131545	-842211.228331
131766	-842208.187151
131992	-842304.982133
132224	-842385.198981
132448	-842214.803146
132672	-842194.829438
132902	-842132.274796
133133	-842151.978570
133385	-842065.551231
133610	-842049.931641
133835	-842121.370243
134065	-842088.860725
134293	-841992.187286
134518	-842202.685093
134743	-842109.935161
134975	-842234.253228
135202	-842363.870768
135428	-842033.069809
135660	-841931.531511
135893	-841978.942439
136116	-841982.626130
136344	-841941.726024
136574	-841994.787426
136802	-841922.039598
137030	-842068.646423
137258	-842124.626197
137490	-842094.136913
137722	-842282.223550
137951	-842304.666652
138177	-842301.463680
138412	-842030.324958
138636	-841918.971957
138860	-841889.493804
139086	-842055.857640
139325	-842040.740562
139553	-841984.986754
139780	-842047.241835
140006	-841922.359129
140236	-842031.479281
140463	-841996.846772
140688	-842022.386365
140923	-842027.227307
141154	-842036.497234
141384	-842041.435691
141614	-842237.172437
141846	-842191.414676
142075	-842178.496221
142302	-842065.873100
142526	-842000.666354
142756	-841912.904832
142984	-841867.512666
143208	-842072.796175
143438	-841929.087910
143682	-842003.435297
143907	-842035.616380
144132	-842056.082201
144356	-842117.255777
144589	-842324.253437
144817	-842328.212698
145044	-842170.303704
145276	-842119.290118
145505	-842241.968825
145734	-842129.190923
145964	-842077.526586
146197	-842037.980511
146428	-842082.068776
146655	-842228.592261
146882	-842349.945032
147116	-842108.626618
147342	-842025.665371
147568	-842110.422247
147796	-842122.411873
148027	-842149.381684
148261	-841992.232821
148490	-842004.803430
148716	-841929.092753
148943	-842072.340484
149167	-842345.093145
149394	-842279.847454
149624	-842194.371518
149853	-842114.981103
150081	-842039.276430
150309	-842108.384922
150538	-842058.018681
150763	-842025.154286
150988	-842004.647950
151216	-842099.296890
151448	-841929.566806
151674	-841915.902561
151896	-842035.187857
152125	-842207.490793
152353	-842177.838281
152580	-841889.295929
152807	-841922.999778
153038	-841981.294718
153270	-841796.688450
153494	-841864.885675
153723	-841973.403332
153958	-842006.254895
154188	-842071.963293
154418	-841953.244908
154645	-842117.918482
154872	-841878.839551
155100	-841938.321352
155323	-842000.448678
155548	-841847.577115
155781	-841908.583409
156009	-841880.452028
156235	-841787.997612
156465	-841689.710173
156692	-841775.499794
156916	-841671.366760
157142	-841726.972042
157371	-841730.079677
157596	-841621.429205
157821	-841567.976130
158046	-841772.414473
158275	-841799.185026
158505	-841778.864213
158732	-841843.403424
158966	-841711.965832
159195	-841838.555770
159420	-841852.329524
159650	-841815.487071
159880	-842005.184814
160112	-841961.201507
160337	-841776.168071
160562	-841856.613728
160791	-842070.209974
161019	-841895.271244
161246	-841915.823630
161474	-841776.298989
161704	-841946.914490
161929	-841983.126255
162170	-841901.300709
162398	-841898.373884
162625	-841841.324351
162851	-841875.723595
163071	-841779.489665
163294	-841835.042974
163521	-841928.157929
163743	-841988.451493
163967	-842009.541531
164201	-841881.678915
164426	-841903.874313
164652	-841861.916727
164878	-841813.111680
165107	-841793.874149
165336	-841841.481537
165565	-841915.816720
165796	-841754.288574
166027	-841870.387020
166257	-841960.100181
166480	-841821.347630
166704	-841802.447841
166938	-841780.116875
167160	-841835.831282
167384	-841750.288711
167609	-841942.941221
167833	-841900.999085
168056	-841841.340806
168286	-841963.096644
168515	-841861.634217
168746	-841887.093683
168974	-841783.084646
169217	-841689.772604
169445	-841693.712973
169674	-841898.261457
169895	-841755.328619
170125	-841764.004477
170360	-841753.972194
170585	-841902.304425
170812	-841959.331284
171040	-842002.556953
171268	-841822.882261
171495	-841711.553487
171727	-841778.343862
171959	-841749.456287
172187	-841687.211279
172417	-841920.476974
172648	-841919.252545
172882	-841851.633301
173112	-841898.430977
173334	-841849.621926
173554	-841627.886812
173784	-841838.711543
174004	-841716.730200
174225	-841917.702868
174454	-841930.906121
174682	-841869.603695
174903	-841880.890344
175124	-842004.608410
175352	-841982.303395
175581	-842014.939311
175810	-841972.286767
176036	-841818.256852
176269	-841920.886283
176495	-842017.526707
176723	-842117.985703
176955	-842056.687594
177190	-841877.237235
177417	-841897.167478
177648	-841859.317081
177873	-842089.474440
178101	-841999.163180
178321	-842015.054793
178549	-842029.603371
178778	-841903.988558
179010	-841960.543566
179236	-841840.361797
179461	-841837.374454
179691	-841809.982042
179916	-841804.370347
180166	-841920.656196
180391	-841847.081404
180623	-841888.246575
180852	-841733.368394
181076	-841711.944287
181301	-841903.772374
181539	-841757.809215
181767	-841912.816017
181992	-841786.245810
182222	-841788.855798
182456	-841719.758183
182678	-841757.759545
182902	-841837.401300
183132	-841847.913049
183361	-841790.816665
183583	-841737.904260
183810	-841818.778869
184039	-841807.615001
184267	-841631.118709
184494	-841858.940168
184722	-841751.056136
184951	-841933.762340
185180	-841854.978648
185408	-841834.637852
185632	-841682.483847
185867	-841714.854869
186094	-841618.072981
186322	-841633.150825
186548	-841483.788579
186781	-841566.609175
187011	-841507.443939
187238	-841611.990177
187465	-841406.359988
187696	-841608.039747
187921	-841728.303030
188146	-841586.396030
188379	-841566.193669
188605	-841651.653849
188832	-841613.517760
189059	-841644.903485
189292	-841584.403484
189520	-841705.699619
189748	-841527.823596
189979	-841575.914133
190221	-841599.839328
190450	-841683.400584
190676	-841545.118503
190901	-841516.895111
191129	-841507.502712
191351	-841334.277069
191577	-841568.063825
191809	-841423.922739
192035	-841267.615881
192268	-841424.981163
192498	-841558.025780
192730	-841564.857701
192961	-841463.070994
193204	-841392.806066
193434	-841393.022070
193665	-841562.594313
193893	-841514.729970
194119	-841582.690508
194344	-841586.526329
194572	-841425.871577
194795	-841492.510312
195020	-841615.606863
195247	-841406.603781
195479	-841389.384118
195703	-841465.566011
195935	-841507.086910
196167	-841483.158881
196395	-841574.447829
196624	-841435.574657
196854	-841513.602175
197087	-841648.533887
197320	-841612.335116
197549	-841596.709500
197782	-841569.781391
198015	-841506.667430
198241	-841646.566768
198466	-841533.750299
198692	-841671.342532
198921	-841575.748940
199145	-841455.927907
199372	-841557.635351
199599	-841515.855381
199832	-841551.330272
200059	-841711.866004
200287	-841670.706523
200535	-841633.636237
200765	-841763.565639
200996	-841602.956683
201228	-841605.417139
201456	-841663.244858
201687	-841591.270893
201912	-841755.963881
202135	-841700.388919
202360	-841777.454673
202589	-841973.483984
202814	-841731.057036
203038	-841735.716705
203268	-841554.889708
203493	-841600.986360
203723	-841586.970958
203949	-841516.471450
204177	-841552.428800
204407	-841523.609261
204636	-841665.669335
204869	-841633.879167
205104	-841566.033493
205330	-841444.135061
205556	-841438.315354
205795	-841607.132462
206026	-841529.427570
206255	-841598.740857
206483	-841428.951309
206715	-841484.938966
206943	-841441.646501
207173	-841460.908478
207401	-841355.851927
207630	-841365.435300
207859	-841384.591512
208102	-841440.827307
208329	-841459.158319
208555	-841508.073938
208785	-841505.706553
209015	-841390.698512
209245	-841408.336418
209475	-841308.035698
209704	-841249.360447
209933	-841362.899924
210167	-841366.482169
210396	-841347.681721
210624	-841480.789627
210855	-841530.412125
211094	-841456.230862
211322	-841320.242263
211547	-841254.793113
211773	-841263.373938
212007	-841360.683552
212233	-841269.897549
212461	-841305.965434
212689	-841198.525580
212916	-841257.262280
213145	-841441.973824
213371	-841410.335618
213598	-841443.098395
213823	-841271.990139
214049	-841343.255666
214275	-841337.371276
214509	-841302.282681
214731	-841457.891429
214957	-841405.812925
215182	-841405.949476
215409	-841520.619598
215633	-841242.605204
215863	-841095.976352
216098	-841163.431704
216327	-841217.606087
216554	-841318.379674
216780	-841327.514162
217008	-841348.270808
217234	-841362.198541
217458	-841483.126631
217698	-841201.890558
217924	-841213.640316
218150	-841252.015088
218375	-841252.969971
218606	-841308.554645
218834	-841343.793055
219060	-841444.369641
219286	-841403.216243
219520	-841339.991503
219746	-841220.835416
219972	-841178.340044
220202	-841031.743428
220434	-841172.548033
220656	-841224.440901
220887	-841310.996148
221118	-841158.235653
221344	-841096.244306
221570	-841160.778331
221815	-841203.085898
222046	-841296.444632
222272	-841144.824040
222497	-841264.691982
222720	-841196.098088
222955	-841197.885840
223179	-841313.737083
223408	-841035.333948
223635	-841054.969107
223866	-841204.322553
224095	-841314.841700
224321	-841546.879901
224548	-841460.405233
224777	-841309.059592
225000	-841236.762641
225227	-841228.217312
225456	-841256.783186
225679	-841180.703177
225902	-841400.163770
226128	-841292.701786
226356	-841257.756169
226582	-841387.355775
226808	-841460.710133
227041	-841468.970864
227269	-841349.285464
227493	-841462.929009
227717	-841332.265736
227951	-841378.865758
228179	-841359.232831
228405	-841358.639468
228632	-841346.570862
228857	-841357.964872
229089	-841347.862385
229321	-841370.345535
229552	-841431.702707
229783	-841496.734098
230008	-841430.253641
230236	-841561.723693
230467	-841507.861312
230698	-841488.224918
230923	-841539.379462
231149	-841550.556912
231382	-841714.195948
231606	-841575.988819
231831	-841590.112230
232060	-841723.332631
232291	-841746.692435
232518	-841526.588024
232743	-841509.359942
232971	-841468.042743
233198	-841552.422123
233419	-841388.093709
233643	-841438.736361
233874	-841355.917727
234106	-841416.449979
234329	-841475.431959
234558	-841420.281239
234788	-841499.665480
235018	-841261.185217
235242	-841252.327432
235488	-841346.509953
235720	-841334.055304
235949	-841379.317341
236175	-841507.102955
236401	-841540.119196
236634	-841515.932382
236859	-841394.212038
237092	-841423.401467
237319	-841385.732277
237547	-841380.638654
237774	-841377.627988
238000	-841423.053068
238230	-841311.119678
238474	-841412.197460
238704	-841417.261167
238939	-841469.664982
239165	-841562.026203
239398	-841499.107796
239627	-841237.440911
239855	-841229.804488
240094	-841371.397532
240328	-841111.551750
240558	-841166.296732
240785	-841251.578782
241017	-841296.010626
241247	-841288.486617
241471	-841256.827645
241698	-841255.479843
241927	-841351.753605
242153	-841267.886417
242380	-841233.462783
242609	-841467.349726
242842	-841430.325110
243066	-841308.148804
243293	-841183.558960
243523	-841354.281812
243753	-841473.407294
243981	-841420.081973
244226	-841447.068768
244453	-841385.202988
244680	-841344.153249
244909	-841416.672088
245138	-841339.429740
245375	-841508.328818
245603	-841462.659640
245829	-841322.668427
246056	-841494.845739
246287	-841410.044131
246514	-841422.284674
246743	-841376.229684
246970	-841411.966319
247199	-841236.570150
247428	-841326.898789
247657	-841349.578266
247886	-841209.326511
248114	-841239.858178
248345	-841123.277594
248573	-841238.456388
248808	-841006.275963
249037	-841029.656624
249268	-841093.173115
249496	-841239.975682
249724	-841114.595817
249952	-841246.762904
250178	-841225.397434
250407	-841147.129024
250639	-841149.921718
250874	-841268.472603
251102	-841275.035280
251335	-841138.609538
251568	-841245.197995
251793	-841274.315413
